0 73519
1 51089
2 51887
3 54759
4 52453
5 48329
6 57352
7 53026
8 55350
9 45372
10 55115
11 49424
12 50370
13 54235
14 46728
15 51052
16 52509
17 46953
18 52363
19 53711
20 49979
21 55562
22 46272
23 50167
24 56798
25 49797
26 61063
27 53744
28 52147
29 49143
30 53463
31 51490
32 52284
33 43089
34 44530
35 47684
36 52283
37 51538
38 53454
39 46603
40 46474
41 56347
42 50882
43 51217
44 51464
45 50298
46 53378
47 54363
48 53470
49 47889
50 55655
51 46398
52 50458
53 55143
54 48009
55 45843
56 52584
57 51093
58 49107
59 54072
60 49146
61 45957
62 45766
63 46263
64 49229
65 49659
66 57595
67 48012
68 52916
69 47537
70 52398
71 52092
72 53626
73 52262
74 53740
75 52074
76 52426
77 55025
78 41819
79 51862
80 51163
81 47833
82 51232
83 49820
84 49425
85 53228
86 55896
87 53576
88 53070
89 52066
90 55550
91 42862
92 48835
93 52914
94 49149
95 50377
96 55027
97 49576
98 54101
99 52748
100 55536
101 49305
102 55402
103 55469
104 51323
105 46381
106 47741
107 44896
108 49765
109 41300
110 50176
111 49045
112 48903
113 49789
114 49551
115 45893
116 52913
117 47349
118 54167
119 41763
