0 69623
1 50949
2 52409
3 52749
4 53844
5 45878
6 60158
7 53316
8 55617
9 46923
10 56005
11 49474
12 50763
13 53261
14 48795
15 51183
16 51526
17 46166
18 51663
19 54536
20 48145
21 55251
22 45306
23 48979
24 53823
25 48440
26 59238
27 51087
28 51230
29 49225
30 50384
31 50645
32 49990
33 41318
34 44202
35 49021
36 52183
37 52841
38 52946
39 46849
40 47825
41 55512
42 50814
43 51781
44 51864
45 51927
46 50331
47 53384
48 55341
49 47744
50 56068
51 46709
52 51052
53 54205
54 46021
55 46613
56 52377
57 50283
58 49713
59 54564
60 49398
61 46595
62 44609
63 48573
64 48370
65 51995
66 58254
67 47348
68 54176
69 47611
70 52545
71 53979
72 53838
73 52479
74 52575
75 51771
76 51264
77 56835
78 43891
79 50768
80 50926
81 46334
82 52409
83 50368
84 51430
85 54599
86 53970
87 53296
88 51896
89 51691
90 55701
91 43470
92 49335
93 52051
94 48279
95 48970
96 57107
97 48403
98 54378
99 50676
100 54887
101 48154
102 55223
103 56230
104 47519
105 48919
106 45570
107 43293
108 48454
109 43598
110 48667
111 49460
112 46952
113 48567
114 49384
115 45574
116 52054
117 47169
118 56000
119 39589
