0 3506303
1 2892277
2 2853470
3 2840730
4 2823586
5 2877837
6 3015092
7 2810177
8 2762337
9 2799901
10 2738494
11 2742762
12 2955668
13 2744709
14 2696891
15 2686468
16 2763236
17 2760171
18 2972223
19 2761300
20 2697142
21 2730338
22 2723003
23 2827592
24 3078912
25 2739187
26 2788036
27 2745076
28 2738871
29 2724169
30 2959631
31 2742172
32 2785383
33 2835403
34 2735392
35 2764534
36 3029303
37 2732183
38 2720174
39 2779080
40 2824864
41 2742748
42 3013159
43 2746928
44 2720899
45 2685701
46 2807666
47 2691964
48 3007454
49 2779637
50 2764746
51 2737197
52 2748382
53 2743614
54 2946400
55 2726813
56 2814721
57 2719210
58 2678150
59 2135452
