0 3155673
1 2603049
2 2568123
3 2556657
4 2541227
5 2590053
6 2713583
7 2529159
8 2486103
9 2519911
10 2464645
11 2468486
12 2660101
13 2470238
14 2427202
15 2417821
16 2486912
17 2484154
18 2675001
19 2485170
20 2427428
21 2457304
22 2450703
23 2544833
24 2771021
25 2465268
26 2509232
27 2470568
28 2464984
29 2451752
30 2663668
31 2467955
32 2506845
33 2551863
34 2461853
35 2488081
36 2726373
37 2458965
38 2448157
39 2501172
40 2542378
41 2468473
42 2711843
43 2472235
44 2448809
45 2417131
46 2526899
47 2422768
48 2706709
49 2501673
50 2488271
51 2463477
52 2473544
53 2469253
54 2651760
55 2454132
56 2533249
57 2447289
58 2410335
59 1921907
