0 306478
1 256122
2 281997
3 234997
4 252552
5 274787
6 292521
7 250161
8 252262
9 244004
10 240479
11 228311
12 252040
13 252160
14 231875
15 257447
16 237726
17 264178
18 291079
19 242877
20 239380
21 227499
22 258891
23 253237
24 284429
25 248254
26 232899
27 281766
28 239403
29 247460
30 280106
31 243405
32 229890
33 264862
34 233324
35 258483
36 273943
37 254584
38 273485
39 248058
40 279346
41 240102
42 256638
43 260389
44 243642
45 243950
46 263156
47 224833
48 266464
49 264883
50 258990
51 239446
52 220629
53 257225
54 258684
55 237570
56 268825
57 239789
58 241305
59 187503
