0 306654
1 233418
2 239976
3 277626
4 285543
5 236391
6 264999
7 225085
8 264203
9 255820
10 262313
11 257244
12 289003
13 239405
14 236977
15 211840
16 228313
17 247265
18 269535
19 233202
20 261258
21 240611
22 260229
23 229513
24 298806
25 243266
26 249974
27 254688
28 240548
29 261542
30 279776
31 238381
32 261664
33 270841
34 265590
35 236259
36 279985
37 236443
38 241160
39 266324
40 253402
41 260651
42 300316
43 229445
44 262197
45 247369
46 247251
47 219095
48 274529
49 230575
50 267016
51 246151
52 256197
53 240360
54 254193
55 252695
56 260766
57 251309
58 259453
59 184634
