0 323704
1 301234
2 257826
3 258860
4 263500
5 241469
6 293459
7 268032
8 240768
9 267742
10 245406
11 245355
12 276862
13 269832
14 260879
15 229258
16 265724
17 244784
18 276790
19 236837
20 259492
21 241673
22 229240
23 272559
24 261154
25 238928
26 248756
27 247627
28 252518
29 253449
30 252861
31 247795
32 276634
33 294144
34 249200
35 241301
36 268129
37 235129
38 228377
39 272518
40 243772
41 236974
42 283174
43 249043
44 253128
45 218632
46 262495
47 247290
48 271039
49 252749
50 227161
51 227808
52 242713
53 255613
54 253742
55 246956
56 256754
57 237749
58 215206
59 192955
