0 322746
1 255761
2 267349
3 248490
4 234488
5 281746
6 273155
7 272996
8 249808
9 234536
10 238328
11 243379
12 248928
13 268156
14 225457
15 236808
16 264888
17 235996
18 256176
19 261290
20 236458
21 247655
22 252850
23 241415
24 273449
25 249778
26 263718
27 243535
28 261340
29 226285
30 268377
31 242630
32 248991
33 251376
34 255968
35 268872
36 274400
37 249689
38 224504
39 243422
40 267361
41 262273
42 265911
43 234963
44 234133
45 226501
46 265005
47 233731
48 247810
49 257681
50 264220
51 232175
52 261138
53 256724
54 265824
55 256831
56 241364
57 232283
58 215227
59 199404
