0 312713
1 278093
2 243305
3 279347
4 211529
5 260410
6 257941
7 238952
8 245457
9 260310
10 255952
11 253864
12 279615
13 268676
14 239783
15 247182
16 259078
17 252468
18 246799
19 252001
20 233942
21 256832
22 221122
23 267057
24 277557
25 252254
26 261194
27 256851
28 237682
29 254293
30 276649
31 271712
32 244529
33 273253
34 230065
35 239243
36 295751
37 254979
38 248717
39 232294
40 281888
41 241481
42 253903
43 247233
44 274742
45 272498
46 253692
47 248864
48 263984
49 236328
50 214720
51 249730
52 247371
53 247489
54 283280
55 237011
56 257762
57 239456
58 222139
59 199466
