0 321277
1 273512
2 227294
3 253699
4 253282
5 280310
6 277553
7 270487
8 220116
9 257446
10 263702
11 232062
12 266511
13 224009
14 247476
15 260820
16 235138
17 258228
18 294762
19 239976
20 248307
21 241524
22 240983
23 277815
24 271827
25 265170
26 265795
27 209581
28 235524
29 228377
30 252610
31 234330
32 248610
33 254377
34 233550
35 225954
36 274942
37 238142
38 260115
39 240147
40 249783
41 251449
42 259470
43 269714
44 230489
45 228111
46 231315
47 238711
48 263945
49 261175
50 259449
51 258121
52 247164
53 213689
54 286084
55 255848
56 248510
57 248226
58 229745
59 210415
