0 309986
1 248141
2 239610
3 241604
4 255377
5 254682
6 242959
7 247060
8 263093
9 232851
10 255473
11 244943
12 257370
13 248196
14 236093
15 246885
16 267546
17 253005
18 257415
19 243232
20 238929
21 249066
22 222804
23 260401
24 267805
25 252691
26 241129
27 231403
28 271583
29 241950
30 250943
31 262444
32 259412
33 219618
34 258228
35 240401
36 273602
37 277665
38 264903
39 240852
40 250155
41 224504
42 277230
43 249030
44 245965
45 242692
46 236815
47 247651
48 279747
49 243422
50 264203
51 246107
52 251323
53 237165
54 263947
55 240040
56 259252
57 235843
58 252121
59 186367
