0 295707
1 246818
2 272860
3 259587
4 274132
5 282042
6 264474
7 242264
8 245841
9 260636
10 222753
11 232159
12 262823
13 247545
14 245338
15 243493
16 212233
17 242722
18 285788
19 261195
20 240662
21 247706
22 260695
23 259911
24 263236
25 229115
26 246700
27 253590
28 250421
29 256599
30 269275
31 263912
32 246426
33 251504
34 263231
35 253930
36 271598
37 221696
38 216812
39 268441
40 225444
41 238349
42 267155
43 268875
44 219220
45 256749
46 288928
47 235843
48 264022
49 258258
50 253255
51 245280
52 256270
53 264914
54 262670
55 231684
56 262611
57 236837
58 235140
59 183857
