0 325785
1 245727
2 264114
3 255787
4 257840
5 241763
6 257447
7 250837
8 246953
9 241287
10 247920
11 267092
12 267311
13 217987
14 252763
15 231911
16 248550
17 270479
18 248936
19 265667
20 239441
21 266064
22 267241
23 219843
24 285049
25 251842
26 246354
27 244505
28 234130
29 231628
30 279464
31 230880
32 247947
33 241235
34 230670
35 263230
36 254635
37 249150
38 263033
39 240950
40 238372
41 250848
42 286327
43 235527
44 246904
45 261964
46 224540
47 259090
48 296032
49 247377
50 227443
51 257791
52 256156
53 238776
54 279714
55 261241
56 239536
57 275529
58 275067
59 186152
