0 330623
1 264223
2 273792
3 246660
4 252984
5 236453
6 289075
7 263285
8 257602
9 265279
10 232319
11 264077
12 259638
13 234272
14 250561
15 252177
16 267716
17 215029
18 247721
19 248893
20 229559
21 238674
22 236648
23 263082
24 287709
25 233970
26 252713
27 247022
28 241835
29 250169
30 253607
31 232466
32 242742
33 230653
34 242027
35 260408
36 259388
37 241488
38 227051
39 248166
40 252855
41 261842
42 261719
43 228016
44 238389
45 218665
46 253702
47 267660
48 279137
49 249225
50 251814
51 260868
52 234583
53 257298
54 243622
55 234256
56 237869
57 250268
58 264932
59 191154
