0 3905900
1 3539804
2 3456211
3 12462208
4 12384560
5 12531333
6 14289422
7 5402298
8 9442721
9 13373974
10 14267894
11 13466403
12 13540297
13 14023777
14 13344304
15 13446268
16 13981520
17 13314710
18 13321243
19 14064069
20 13536658
21 13270903
22 14034811
23 13377586
24 13306960
25 14217753
26 13334130
27 13182073
28 13936710
29 13088822
30 13165584
31 13811862
32 13470683
33 13149464
34 13899864
35 13349586
36 13188820
37 13965652
38 13190027
39 13214906
40 14120416
41 13344600
42 13171737
43 13859009
44 13142501
45 13100500
46 13867802
47 13249699
48 13281463
49 14049862
50 13200223
51 13172434
52 13991191
53 13268794
54 13201494
55 14017374
56 13156791
57 13206271
58 13858953
59 13306524
60 13235159
61 13902227
62 13387059
63 13036578
64 13997432
65 13324087
66 10089574
