0 359902
1 343359
2 350220
3 1157004
4 1071031
5 1188972
6 1362353
7 473948
-8632 860534
-8631 1189730
-8630 1204246
-8629 1188918
-8628 1234466
-8627 1308102
-8626 1214974
-8625 1134815
-8624 1266093
-8623 1172524
-8622 1134210
-8621 1307791
-8620 1259033
-8619 1171428
-8618 1254438
-8617 1230847
-8616 1228266
-8615 1233156
-8614 1117186
-8613 1214465
-8612 1306807
-8611 1166810
-8610 1232258
-8609 1266358
-8608 1228648
-8607 1215192
-8606 1207550
-8605 1167412
-8604 1287414
-8603 1224401
-8602 1175369
-8601 1112868
-8600 1305327
-8599 1137531
-8598 1233408
-8597 1242358
-8596 1168962
-8595 1224452
-8594 1151123
-8593 1171341
-8592 1221731
-8591 1256369
-8590 1252260
-8589 1301741
-8588 1232291
-8587 1202143
-8586 1195314
-8585 1354472
-8584 1198227
-8583 1156317
-8582 1255661
-8581 1280019
-8580 1231484
-8579 1272557
-8578 1252686
-8577 1105845
-8576 1217883
-8575 1168350
-8574 871771
