0 340877
1 329657
2 309982
3 1044496
4 1153320
5 1121108
6 1250426
7 488573
-8632 855786
-8631 1174761
-8630 1264371
-8629 1305528
-8628 1204779
-8627 1249384
-8626 1133276
-8625 1192726
-8624 1273597
-8623 1226069
-8622 1257492
-8621 1240447
-8620 1231928
-8619 1169212
-8618 1260523
-8617 1142018
-8616 1221408
-8615 1337120
-8614 1197212
-8613 1156887
-8612 1303212
-8611 1089420
-8610 1141805
-8609 1273642
-8608 1184712
-8607 1107340
-8606 1187379
-8605 1158401
-8604 1208111
-8603 1277433
-8602 1185902
-8601 1183616
-8600 1228759
-8599 1279890
-8598 1211638
-8597 1320765
-8596 1179415
-8595 1110890
-8594 1238292
-8593 1223754
-8592 1121420
-8591 1366797
-8590 1266782
-8589 1137788
-8588 1245601
-8587 1218631
-8586 1234561
-8585 1336076
-8584 1240747
-8583 1208091
-8582 1272438
-8581 1199962
-8580 1182837
-8579 1293781
-8578 1222215
-8577 1112427
-8576 1284656
-8575 1155176
-8574 964858
