0 319379
1 294659
2 311917
3 1104764
4 1162800
5 1139694
6 1289150
7 483777
-8632 864133
-8631 1237348
-8630 1260141
-8629 1227489
-8628 1197437
-8627 1363638
-8626 1190588
-8625 1162676
-8624 1329772
-8623 1142951
-8622 1134541
-8621 1185795
-8620 1196083
-8619 1149439
-8618 1235979
-8617 1131351
-8616 1169132
-8615 1277539
-8614 1232118
-8613 1153864
-8612 1306909
-8611 1192279
-8610 1188677
-8609 1258107
-8608 1157844
-8607 1144303
-8606 1216674
-8605 1168510
-8604 1250638
-8603 1274155
-8602 1117523
-8601 1183753
-8600 1268313
-8599 1226072
-8598 1174315
-8597 1376075
-8596 1321903
-8595 1189915
-8594 1292625
-8593 1154007
-8592 1190464
-8591 1169468
-8590 1194444
-8589 1213319
-8588 1300895
-8587 1160517
-8586 1132718
-8585 1211922
-8584 1177768
-8583 1234840
-8582 1304943
-8581 1178215
-8580 1149249
-8579 1247609
-8578 1216297
-8577 1179583
-8576 1322402
-8575 1211945
-8574 935534
