0 359233
1 302460
2 322118
3 1153037
4 1096121
5 1111286
6 1340475
7 446407
-8632 835307
-8631 1219169
-8630 1308537
-8629 1187706
-8628 1312297
-8627 1293642
-8626 1238933
-8625 1216708
-8624 1247613
-8623 1217091
-8622 1155643
-8621 1238189
-8620 1232756
-8619 1190701
-8618 1359747
-8617 1215310
-8616 1148295
-8615 1261261
-8614 1168991
-8613 1192679
-8612 1243667
-8611 1258589
-8610 1230715
-8609 1195483
-8608 1152406
-8607 1236051
-8606 1330994
-8605 1183834
-8604 1207895
-8603 1263672
-8602 1229393
-8601 1212816
-8600 1314438
-8599 1221709
-8598 1232301
-8597 1234987
-8596 1172285
-8595 1145267
-8594 1290934
-8593 1250194
-8592 1234559
-8591 1373812
-8590 1105529
-8589 1107048
-8588 1224298
-8587 1080747
-8586 1213304
-8585 1176507
-8584 1230843
-8583 1184506
-8582 1273970
-8581 1220358
-8580 1167764
-8579 1239913
-8578 1207532
-8577 1250681
-8576 1164054
-8575 1207150
-8574 923955
