0 365235
1 317885
2 328141
3 1138467
4 1104761
5 1153587
6 1254264
7 473497
-8632 875337
-8631 1233299
-8630 1360036
-8629 1239805
-8628 1197722
-8627 1259253
-8626 1254779
-8625 1138145
-8624 1277591
-8623 1216667
-8622 1229120
-8621 1213794
-8620 1156855
-8619 1179101
-8618 1236412
-8617 1260439
-8616 1227257
-8615 1299440
-8614 1271503
-8613 1224998
-8612 1290577
-8611 1145753
-8610 1191718
-8609 1271660
-8608 1216185
-8607 1203342
-8606 1294938
-8605 1216021
-8604 1119625
-8603 1245091
-8602 1189377
-8601 1203169
-8600 1220380
-8599 1149303
-8598 1140770
-8597 1259083
-8596 1180499
-8595 1177199
-8594 1241644
-8593 1188202
-8592 1200318
-8591 1184505
-8590 1215289
-8589 1132453
-8588 1192918
-8587 1202819
-8586 1184259
-8585 1278524
-8584 1101847
-8583 1263194
-8582 1244282
-8581 1161994
-8580 1157827
-8579 1244205
-8578 1170042
-8577 1234158
-8576 1292462
-8575 1202003
-8574 912134
