0 348645
1 297099
2 290972
3 1090395
4 1111652
5 1076721
6 1253683
7 540122
-8632 838144
-8631 1214987
-8630 1317603
-8629 1183534
-8628 1200471
-8627 1328752
-8626 1181759
-8625 1195655
-8624 1246361
-8623 1133481
-8622 1221123
-8621 1300904
-8620 1234139
-8619 1135766
-8618 1226323
-8617 1157358
-8616 1221669
-8615 1338199
-8614 1197484
-8613 1179074
-8612 1230899
-8611 1120931
-8610 1187792
-8609 1287018
-8608 1195144
-8607 1163414
-8606 1224958
-8605 1193015
-8604 1159074
-8603 1230285
-8602 1081575
-8601 1187051
-8600 1206272
-8599 1246145
-8598 1211248
-8597 1215675
-8596 1142949
-8595 1217581
-8594 1285297
-8593 1186821
-8592 1212779
-8591 1228158
-8590 1154024
-8589 1144819
-8588 1258070
-8587 1227780
-8586 1133815
-8585 1181363
-8584 1167635
-8583 1147651
-8582 1306957
-8581 1182035
-8580 1191365
-8579 1234357
-8578 1220788
-8577 1209935
-8576 1261067
-8575 1274250
-8574 907408
