0 336503
1 344878
2 303229
3 1210402
4 1086581
5 1145878
6 1248680
7 487847
-8632 927296
-8631 1169060
-8630 1298027
-8629 1174289
-8628 1154808
-8627 1210053
-8626 1209921
-8625 1351191
-8624 1215412
-8623 1219696
-8622 1231056
-8621 1253069
-8620 1208897
-8619 1230288
-8618 1234617
-8617 1163296
-8616 1191483
-8615 1262940
-8614 1267397
-8613 1111431
-8612 1174888
-8611 1231975
-8610 1133706
-8609 1199681
-8608 1271936
-8607 1208447
-8606 1228597
-8605 1223003
-8604 1170444
-8603 1191201
-8602 1204701
-8601 1280313
-8600 1307816
-8599 1183388
-8598 1097348
-8597 1277323
-8596 1188611
-8595 1196696
-8594 1293943
-8593 1156684
-8592 1211847
-8591 1259196
-8590 1232761
-8589 1238419
-8588 1256799
-8587 1219489
-8586 1215886
-8585 1225643
-8584 1217622
-8583 1157578
-8582 1181462
-8581 1142680
-8580 1186306
-8579 1285001
-8578 1245255
-8577 1157168
-8576 1271989
-8575 1228768
-8574 870035
