0 379386
1 339147
2 302604
3 1091191
4 1037093
5 1039402
6 1348665
7 492599
-8632 831839
-8631 1228185
-8630 1195953
-8629 1193019
-8628 1173719
-8627 1104903
-8626 1189118
-8625 1225121
-8624 1162723
-8623 1211781
-8622 1280424
-8621 1326856
-8620 1208524
-8619 1228579
-8618 1270866
-8617 1240223
-8616 1148496
-8615 1274808
-8614 1201686
-8613 1240624
-8612 1311226
-8611 1227788
-8610 1188167
-8609 1275315
-8608 1332021
-8607 1152231
-8606 1284363
-8605 1241026
-8604 1186987
-8603 1301403
-8602 1223453
-8601 1119067
-8600 1280804
-8599 1249720
-8598 1194979
-8597 1201525
-8596 1211600
-8595 1158722
-8594 1279016
-8593 1211770
-8592 1149985
-8591 1275051
-8590 1130405
-8589 1192377
-8588 1289687
-8587 1215607
-8586 1262594
-8585 1328634
-8584 1157665
-8583 1150126
-8582 1148960
-8581 1134818
-8580 1215978
-8579 1184965
-8578 1190635
-8577 1132028
-8576 1206839
-8575 1209538
-8574 889836
