0 3515310
1 3185824
2 3110590
3 11215987
4 11146104
5 11278200
6 12860480
7 4862068
8 8498449
9 12036577
10 12841105
11 12119763
12 12186267
13 12621399
14 12009874
15 12101641
16 12583368
17 11983239
18 11989119
19 12657662
20 12182992
21 11943813
22 12631330
23 12039827
24 11976264
25 12795978
26 12000717
27 11863866
28 12543039
29 11779940
30 11849026
31 12430676
32 12123615
33 11834518
34 12509878
35 12014627
36 11869938
37 12569087
38 11871024
39 11893415
40 12708374
41 12010140
42 11854563
43 12473108
44 11828251
45 11790450
46 12481022
47 11924729
48 11953317
49 12644876
50 11880201
51 11855191
52 12592072
53 11941915
54 11881345
55 12615637
56 11841112
57 11885644
58 12473058
59 11975872
60 11911643
61 12512004
62 12048353
63 11732920
64 12597689
65 11991678
66 9080617
