0 349350
1 316541
2 270802
3 1076459
4 1157104
5 1158737
6 1282855
7 500185
-8632 774471
-8631 1156992
-8630 1342466
-8629 1220858
-8628 1218748
-8627 1248772
-8626 1214610
-8625 1253118
-8624 1258778
-8623 1219818
-8622 1164860
-8621 1283260
-8620 1232479
-8619 1315109
-8618 1268866
-8617 1286189
-8616 1194399
-8615 1236588
-8614 1203524
-8613 1155180
-8612 1193329
-8611 1168620
-8610 1123098
-8609 1178949
-8608 1215569
-8607 1219543
-8606 1234798
-8605 1184564
-8604 1123543
-8603 1196896
-8602 1240296
-8601 1204421
-8600 1183661
-8599 1181706
-8598 1214951
-8597 1090641
-8596 1149438
-8595 1190323
-8594 1245072
-8593 1186678
-8592 1237141
-8591 1258492
-8590 1155099
-8589 1148299
-8588 1273916
-8587 1212766
-8586 1192230
-8585 1221018
-8584 1153565
-8583 1216960
-8582 1262617
-8581 1216954
-8580 1233537
-8579 1240815
-8578 1190664
-8577 1193090
-8576 1272292
-8575 1087914
-8574 942256
