0 356800
1 300139
2 320605
3 1149772
4 1165641
5 1142815
6 1229929
7 475113
-8632 835602
-8631 1213046
-8630 1289725
-8629 1198617
-8628 1291820
-8627 1254900
-8626 1181916
-8625 1231486
-8624 1305428
-8623 1223161
-8622 1180650
-8621 1307557
-8620 1222298
-8619 1174190
-8618 1283559
-8617 1212796
-8616 1225859
-8615 1274927
-8614 1143616
-8613 1234664
-8612 1181525
-8611 1177775
-8610 1231090
-8609 1224463
-8608 1169150
-8607 1184655
-8606 1299627
-8605 1278841
-8604 1156207
-8603 1364550
-8602 1223435
-8601 1206341
-8600 1392604
-8599 1134676
-8598 1143605
-8597 1254676
-8596 1112589
-8595 1179405
-8594 1163076
-8593 1195278
-8592 1173073
-8591 1273028
-8590 1173608
-8589 1238928
-8588 1317597
-8587 1201416
-8586 1116664
-8585 1301478
-8584 1195193
-8583 1166381
-8582 1221768
-8581 1258837
-8580 1195296
-8579 1268801
-8578 1132239
-8577 1158005
-8576 1304045
-8575 1246584
-8574 862830
