0 3981344
1 3500683
2 3565282
3 13030770
4 12543727
5 12287416
6 22392262
7 21828693
8 21891008
9 22371577
10 21765751
11 21899526
12 23516903
13 21874013
14 21810036
15 22465111
16 21995119
17 21737366
18 22991413
19 21581746
20 21565332
21 22526476
22 21818857
23 21407308
24 23047932
25 21437887
26 21517708
27 22243984
28 21640313
29 21760409
30 22971380
31 21402053
32 21631514
33 22271100
34 21633810
35 21323521
36 22770523
37 21656360
38 21517041
39 22350786
40 21718671
41 21257027
42 22977240
43 21754318
44 21265517
45 22231658
46 21532910
47 21463991
48 22641584
49 20992352
50 21448756
51 22262170
52 21218412
53 21752146
54 22658429
55 21735886
56 21443699
57 22521536
58 21544629
59 21667904
60 22747243
61 21701123
62 21638733
63 22537690
64 21521060
65 18164333
