0 3583210
1 3150615
2 3208754
3 11727693
4 11289354
5 11058674
6 20153036
7 19645824
8 19701907
9 20134419
10 19589176
11 19709573
12 21165213
13 19686612
14 19629032
15 20218600
16 19795607
17 19563629
18 20692272
19 19423571
20 19408799
21 20273828
22 19636971
23 19266577
24 20743139
25 19294098
26 19365937
27 20019586
28 19476282
29 19584368
30 20674242
31 19261848
32 19468363
33 20043990
34 19470429
35 19191169
36 20493471
37 19490724
38 19365337
39 20115707
40 19546804
41 19131324
42 20679516
43 19578886
44 19138965
45 20008492
46 19379619
47 19317592
48 20377426
49 18893117
50 19303880
51 20035953
52 19096571
53 19576931
54 20392586
55 19562297
56 19299329
57 20269382
58 19390166
59 19501114
60 20472519
61 19531011
62 19474860
63 20283921
64 19368954
65 16347900
