0 365575
1 310974
2 326812
3 1248538
4 1107584
5 1063963
6 2028743
7 1925988
8 1908167
9 2051354
10 1991233
11 2010214
12 2071839
13 2059328
14 1952199
15 2043992
16 2064054
17 2035565
18 2002208
19 1914426
20 1912400
21 1943619
22 1931755
23 1823490
24 2062934
25 1875294
26 1836260
27 1997631
28 1949195
29 1912095
30 2065074
31 1805815
32 2170208
33 2035240
34 1873788
35 1944033
36 1910953
37 1879286
38 1940999
39 1939988
40 1878613
41 1898376
42 2071484
43 2046361
44 1817602
45 2093025
46 1869298
47 1828184
48 2032431
49 1778475
50 1958069
51 1926171
52 2023551
53 2028191
54 1987895
55 1860006
56 1884217
57 2024021
58 2012796
59 1932914
60 1991186
61 1932453
62 1902120
63 2100697
64 1886512
65 1482472
