0 359773
1 310893
2 332604
3 1172747
4 1167372
5 1108192
6 2137618
7 1951130
8 2044332
9 2011828
10 2124411
11 1887918
12 2220338
13 2072702
14 2048467
15 2100348
16 1957492
17 1997816
18 2012442
19 2104458
20 1976979
21 2032080
22 2025515
23 1909323
24 2143644
25 1920864
26 1970450
27 1981972
28 1951408
29 1953456
30 2078672
31 2038206
32 1903782
33 1849613
34 2046384
35 1857440
36 2024682
37 1865107
38 1979430
39 1976022
40 1918764
41 1917926
42 1928491
43 2023626
44 1953892
45 2041386
46 1994431
47 1983272
48 2170060
49 1884318
50 1858382
51 2098867
52 1912544
53 1990028
54 1939116
55 1812719
56 2116453
57 2004250
58 1869798
59 1894392
60 2012045
61 1985063
62 1902866
63 1943183
64 2026674
65 1615234
