0 332774
1 327736
2 316136
3 1081823
4 1194793
5 1157918
6 1901126
7 2023878
8 1759626
9 1941631
10 1870926
11 1958428
12 2112524
13 1942919
14 1898585
15 1917863
16 1972861
17 1849823
18 2141078
19 1995736
20 2007190
21 1993874
22 1937373
23 1970909
24 2201224
25 1917907
26 1959462
27 2029106
28 2004035
29 1975165
30 2121651
31 1889367
32 1932920
33 1942289
34 1912795
35 1932306
36 2182884
37 1948212
38 1983834
39 1920005
40 2009137
41 2016665
42 1999856
43 1896558
44 1965155
45 1948205
46 2031046
47 1881733
48 2121210
49 1882798
50 1843763
51 1934784
52 1913517
53 2037386
54 2115580
55 1859718
56 1869858
57 1955342
58 1946363
59 1889086
60 1992767
61 1949609
62 2048899
63 1885153
64 1963386
65 1734205
