0 357275
1 286654
2 350188
3 1229085
4 1126695
5 1119366
6 2086299
7 1969326
8 2028728
9 2049462
10 2013442
11 1873505
12 2102778
13 1965991
14 1982641
15 1996329
16 1851616
17 2029646
18 1909385
19 2000726
20 1970483
21 2017688
22 1887098
23 2040591
24 2024855
25 1922162
26 1839615
27 1991808
28 1890837
29 1971530
30 2026769
31 2062400
32 1885737
33 2087305
34 1934752
35 1877808
36 2150132
37 1984930
38 1954055
39 2059129
40 1951387
41 1899754
42 2064688
43 1906573
44 1948847
45 1972054
46 1941468
47 1962253
48 2011784
49 1922439
50 1897683
51 1976223
52 1891053
53 1964474
54 2095369
55 2094563
56 1897641
57 2018948
58 1956864
59 2102661
60 1990782
61 1903089
62 1954183
63 2002646
64 2039653
65 1451256
