0 345329
1 336081
2 307663
3 1196700
4 1079930
5 1116854
6 1980586
7 1968932
8 1926343
9 1976620
10 1920173
11 1966367
12 2005416
13 1908828
14 1866918
15 2127876
16 2020699
17 1891304
18 2091321
19 1912965
20 1983007
21 2043823
22 1930476
23 1995589
24 2048740
25 1935823
26 1878459
27 1933423
28 1898702
29 1940816
30 2066907
31 1988207
32 1938731
33 2097687
34 2058801
35 1966395
36 2108997
37 1935588
38 1833309
39 2037356
40 1942703
41 1854372
42 2058274
43 1894840
44 1876489
45 2032471
46 1939955
47 1851540
48 2062540
49 1872293
50 1974613
51 2062408
52 1958838
53 1962476
54 2110328
55 2007640
56 1962476
57 2049584
58 1986929
59 1894653
60 2137251
61 1881001
62 1925729
63 2043972
64 1947418
65 1669580
