0 374961
1 295149
2 316260
3 1191642
4 1149557
5 1087340
6 1962105
7 1987336
8 1924034
9 1918666
10 1986792
11 1998287
12 2161591
13 1996457
14 1963849
15 1954752
16 1937068
17 1872366
18 2179595
19 1911862
20 1883354
21 2073159
22 1983348
23 1959606
24 2127656
25 1925809
26 1997117
27 1949725
28 2002539
29 2030031
30 2102768
31 1903077
32 1918061
33 2024029
34 1904564
35 1961782
36 1978329
37 1882776
38 1932937
39 2008570
40 1987514
41 1982230
42 2096447
43 1992336
44 1859805
45 1970519
46 2003690
47 2012906
48 2065342
49 1855743
50 1962240
51 2132306
52 1896089
53 1995142
54 1962744
55 1993709
56 1956978
57 2157930
58 1878803
59 1973044
60 2092512
61 2001077
62 1872700
63 2047995
64 1858660
65 1692443
