0 390118
1 313584
2 321208
3 1213813
4 1148960
5 1100712
6 1982872
7 1872871
8 1968839
9 1955790
10 1940718
11 2003894
12 2002352
13 1870639
14 1875834
15 1961345
16 2005010
17 1986389
18 2135682
19 1905898
20 1850894
21 2030517
22 1993740
23 1872465
24 1983159
25 1976470
26 1890215
27 2021996
28 1981892
29 1894674
30 2071473
31 1857101
32 1800969
33 1976349
34 2040944
35 1906246
36 2132229
37 1928179
38 1986993
39 2073047
40 1978229
41 1921007
42 2001689
43 1867453
44 1922857
45 1941717
46 1937604
47 1945583
48 2025411
49 1946138
50 1975299
51 1956528
52 1816014
53 1998708
54 2100812
55 1915543
56 1880091
57 2044514
58 1796832
59 1974514
60 2068062
61 1947093
62 2066456
63 1978355
64 1993394
65 1500999
