0 357914
1 344524
2 324471
3 1070834
4 1062931
5 1058824
6 1943518
7 2025780
8 2034384
9 1959116
10 1894165
11 2025558
12 2136217
13 1942487
14 2082305
15 2048797
16 2018255
17 1987392
18 2069983
19 1858361
20 1937915
21 1988363
22 1911428
23 1928665
24 2094423
25 2052527
26 1969924
27 1947016
28 1940410
29 1934794
30 2138590
31 1985939
32 2004570
33 2032452
34 1872867
35 1970917
36 2020295
37 1908804
38 1915891
39 1985069
40 1960751
41 1946567
42 2112824
43 1941388
44 1932556
45 1997505
46 1897646
47 2015921
48 1956772
49 1892206
50 2001819
51 1981796
52 1913246
53 1867669
54 2023100
55 1998153
56 1902732
57 2066098
58 1880885
59 1906505
60 2162963
61 2061590
62 1959988
63 2161838
64 1816306
65 1758614
