0 335127
1 290428
2 304620
3 1120484
4 1100347
5 1126003
6 2049797
7 1918780
8 2058170
9 2057610
10 1863966
11 1917734
12 2178636
13 2018096
14 1977728
15 2057079
16 1999582
17 1938997
18 2111621
19 1950696
20 2000999
21 2031378
22 2062098
23 1863651
24 2033448
25 1914688
26 1984622
27 2020790
28 2002566
29 2029390
30 2007611
31 1834076
32 1984896
33 1968192
34 1901456
35 1882299
36 2025062
37 2122336
38 1988593
39 2017470
40 1962852
41 1888904
42 2160374
43 2045319
44 1866453
45 2037720
46 1865202
47 1968890
48 1940258
49 1844606
50 1931619
51 1974927
52 1870938
53 1939078
54 2085867
55 1952824
56 1978532
57 2003823
58 1987698
59 1970502
60 1963000
61 2010540
62 1840276
63 2026359
64 1993535
65 1678111
