0 364364
1 334592
2 308792
3 1202027
4 1151185
5 1119502
6 2080372
7 2001803
8 2049284
9 2212342
10 1983350
11 2067668
12 2173522
13 1909165
14 1980506
15 2010219
16 1968970
17 1974331
18 2038957
19 1868443
20 1885578
21 2119327
22 1974140
23 1902288
24 2023056
25 1852554
26 2039813
27 2146119
28 1854698
29 1942417
30 1994727
31 1897660
32 1928489
33 2030834
34 1924078
35 1891943
36 1959908
37 2035506
38 1849296
39 2099051
40 1956854
41 1805523
42 2185389
43 1964432
44 1995309
45 1973890
46 1899279
47 1867310
48 1991618
49 2014101
50 1900393
51 1991943
52 1900781
53 1793779
54 1971775
55 2067422
56 1850351
57 1944872
58 2073198
59 1962843
60 2061951
61 1859496
62 2001643
63 2093723
64 1843416
65 1764986
