0 210987
1 171064
2 160401
3 594215
4 568209
5 548469
6 1192689
7 1042210
8 1142266
9 1925321
10 1844567
11 1977082
12 2917171
13 2334218
14 2564988
15 3155436
16 3230195
17 3586452
18 3973360
19 4062260
20 4269250
21 4315064
22 4619745
23 4786456
24 5025076
25 4669785
26 4801810
27 4833317
28 4796879
29 4628406
30 4700405
31 4563434
32 4612063
33 4518025
34 4489482
35 4455882
36 4712597
37 4646936
38 4733712
39 4932999
40 4808866
41 4918045
42 5015355
43 4807141
44 4896579
45 4907815
46 4812804
47 4749970
48 4857696
49 4666864
50 4914804
51 4946246
52 4854233
53 5020682
54 5059317
55 4898978
56 4864679
57 4918721
58 5007922
59 5003981
60 4992525
61 5054924
62 5102884
63 4986599
64 5053435
65 5023396
66 5145414
67 5078720
68 5217020
69 5221463
70 4931327
71 4943137
72 5071767
73 5141530
74 5156824
75 5185001
76 4988070
77 5012197
78 5213916
79 5060671
80 5159001
81 5116823
82 5130719
83 4921766
84 5061416
85 5035547
86 4962621
87 5005051
88 5054381
89 5046902
90 5250484
91 5126161
92 5108510
93 5234169
94 5280951
95 5231478
96 5188518
97 5290875
98 5221166
99 5255452
100 5292977
101 5228544
102 5263867
103 5223130
104 5167071
105 5169137
106 5015924
107 5041591
108 5043326
109 4866925
110 4820047
111 4807252
112 4703464
113 4939681
114 5024558
115 4997863
116 5154474
117 5153999
118 5139494
119 5145844
120 5131553
121 5177255
122 4974835
123 5223148
124 4981506
125 5047691
126 4975645
127 4949033
128 4987066
129 5105355
130 5162342
131 5026667
132 5178581
133 5074964
134 4386968
