0 195713
1 142282
2 158688
3 539089
4 531412
5 520622
6 1053274
7 1135478
8 1070948
9 1982769
10 1983110
11 1925176
12 3042913
13 2313669
14 2534980
15 2717364
16 2968603
17 3221741
18 3524781
19 3549570
20 3637214
21 3884195
22 3908831
23 4360685
24 4503037
25 4632653
26 4886984
27 4984911
28 5238723
29 5445000
30 5613589
31 5506264
32 5650287
33 5647826
34 5539585
35 5472954
36 5563452
37 5404794
38 5299399
39 5456672
40 5393834
41 5504989
42 5456984
43 5375691
44 5463441
45 5616742
46 5640786
47 5636336
48 5677558
49 5491797
50 5494428
51 5680639
52 5520922
53 5584068
54 5654221
55 5638533
56 5555123
57 5648580
58 5573206
59 5591037
60 5690329
61 5707097
62 5510756
63 5713333
64 5587434
65 5416003
66 5633728
67 5583640
68 5471951
69 5550930
70 5411902
71 5553264
72 5699457
73 5457123
74 5503331
75 5669684
76 5489185
77 5591971
78 5634632
79 5507141
80 5602691
81 5573796
82 5561470
83 5734747
84 5795052
85 5554074
86 5433661
87 5515705
88 5590502
89 5700312
90 5733626
91 5731068
92 5580931
93 5648359
94 5466337
95 5407905
96 5538900
97 5360794
98 5352961
99 5593257
100 5459785
101 5409909
102 5511230
103 5504639
104 5450095
105 5610414
106 5485616
107 5541093
108 5504516
109 5456496
110 5431767
111 5582493
112 5455947
113 5455593
114 5485830
115 5356609
116 5429052
117 5536259
118 5457194
119 5679305
120 5732564
121 5402519
122 5424922
123 5573781
124 5458940
125 5517111
126 5468426
127 5351382
128 5336165
129 5567576
130 5493376
131 5576499
132 5733668
133 5595350
134 4888121
