0 4059867
1 3495844
2 3451932
3 12623342
4 12516887
5 12332796
6 18573644
7 17538276
8 17584477
9 17974931
10 17726066
11 17502514
12 18214317
13 17329176
14 17413614
15 17709339
16 17267468
17 17259251
18 18393217
19 17201627
20 17229981
21 17822877
22 17069487
23 17129851
24 18222211
25 17169473
26 17051101
27 17967391
28 17235566
29 17315537
30 17926162
31 17103857
32 17231640
33 17605398
34 17409320
35 17138238
36 18065970
37 17183956
38 17211744
39 17872878
40 17117069
41 17092444
42 18105521
43 17049088
44 17316601
45 17855054
46 17345778
47 17206066
48 17930403
49 17279412
50 17038287
51 17773238
52 16962721
53 17122751
54 17940254
55 17185384
56 17180769
57 17810947
58 17008177
59 17150360
60 18315130
61 17020303
62 17109187
63 17960202
64 17153547
65 14625257
