0 325789
1 328521
2 323886
3 1127698
4 1120970
5 1101397
6 1626762
7 1593225
8 1627007
9 1608857
10 1687267
11 1605253
12 1678332
13 1567213
14 1577882
15 1561963
16 1543363
17 1476201
18 1729162
19 1497136
20 1597798
21 1612879
22 1540071
23 1550559
24 1615360
25 1452410
26 1484092
27 1669590
28 1584131
29 1571326
30 1556640
31 1516697
32 1606582
33 1686915
34 1579454
35 1537469
36 1740201
37 1509853
38 1456228
39 1574236
40 1567311
41 1598675
42 1635423
43 1576617
44 1633627
45 1548947
46 1571879
47 1511915
48 1620296
49 1563803
50 1534688
51 1679507
52 1633958
53 1494910
54 1561592
55 1567469
56 1564970
57 1592771
58 1596194
59 1518825
60 1629051
61 1535547
62 1547083
63 1537019
64 1523240
65 1357306
