0 366797
1 311251
2 325677
3 1185389
4 1146818
5 1039087
6 1744409
7 1527764
8 1500162
9 1647597
10 1581988
11 1543284
12 1571861
13 1528684
14 1624576
15 1611461
16 1465598
17 1538058
18 1482805
19 1596303
20 1540184
21 1564077
22 1555143
23 1461876
24 1616012
25 1553006
26 1620236
27 1702490
28 1552286
29 1490967
30 1542717
31 1482235
32 1407189
33 1589724
34 1576936
35 1543787
36 1607303
37 1516646
38 1558008
39 1645752
40 1641222
41 1411327
42 1694509
43 1543697
44 1461244
45 1553737
46 1611228
47 1546905
48 1709442
49 1619088
50 1488567
51 1591912
52 1555672
53 1647314
54 1466649
55 1512697
56 1500686
57 1527886
58 1576122
59 1484483
60 1684363
61 1557450
62 1586889
63 1631705
64 1554744
65 1378573
