0 368119
1 323070
2 320210
3 1184219
4 1113923
5 1084013
6 1633691
7 1579053
8 1542447
9 1684216
10 1566749
11 1589427
12 1654117
13 1610445
14 1567207
15 1676801
16 1659685
17 1532927
18 1770719
19 1554196
20 1727464
21 1559604
22 1586784
23 1544182
24 1631410
25 1550780
26 1468334
27 1565773
28 1610034
29 1563661
30 1591924
31 1483506
32 1488875
33 1488459
34 1577978
35 1595207
36 1563007
37 1460636
38 1577294
39 1543915
40 1550351
41 1548367
42 1607989
43 1572480
44 1591305
45 1666616
46 1540544
47 1593866
48 1508177
49 1612186
50 1479337
51 1556535
52 1470837
53 1539511
54 1569500
55 1502567
56 1566557
57 1607684
58 1480238
59 1604857
60 1670905
61 1510990
62 1618775
63 1685174
64 1538048
65 1446234
