0 384419
1 317305
2 312495
3 1098693
4 1084368
5 1102844
6 1668784
7 1600353
8 1723560
9 1614144
10 1526851
11 1519499
12 1737770
13 1617105
14 1524995
15 1608266
16 1533543
17 1598318
18 1697463
19 1492012
20 1589222
21 1621605
22 1511193
23 1592278
24 1533768
25 1546015
26 1442290
27 1699089
28 1566329
29 1542335
30 1721128
31 1524573
32 1503284
33 1633421
34 1547475
35 1507222
36 1621769
37 1644334
38 1577438
39 1606767
40 1500988
41 1593853
42 1605323
43 1556563
44 1585391
45 1629371
46 1463283
47 1582783
48 1671259
49 1547696
50 1493220
51 1644915
52 1511154
53 1529984
54 1564144
55 1565487
56 1510982
57 1604938
58 1566527
59 1570539
60 1706060
61 1618546
62 1482613
63 1612758
64 1495125
65 1317029
