0 351404
1 323670
2 307499
3 1181981
4 1174302
5 1090269
6 1684066
7 1532053
8 1555224
9 1587025
10 1654806
11 1604912
12 1563261
13 1529429
14 1512541
15 1614399
16 1668303
17 1427215
18 1640738
19 1611024
20 1548568
21 1665308
22 1547600
23 1525020
24 1684401
25 1660960
26 1573246
27 1517556
28 1584342
29 1640601
30 1630832
31 1470542
32 1656391
33 1610330
34 1514352
35 1532803
36 1636415
37 1491231
38 1535637
39 1551512
40 1521470
41 1507063
42 1561572
43 1648283
44 1577323
45 1652395
46 1612819
47 1530677
48 1776950
49 1494758
50 1540054
51 1522843
52 1613026
53 1510268
54 1699806
55 1646775
56 1565083
57 1547688
58 1682520
59 1502979
60 1664954
61 1404042
62 1521903
63 1621384
64 1554886
65 1267027
