0 3653880
1 3146260
2 3106739
3 11361008
4 11265198
5 11099516
6 16716280
7 15784448
8 15826029
9 16177438
10 15953459
11 15752263
12 16392885
13 15596258
14 15672253
15 15938405
16 15540721
17 15533326
18 16553895
19 15481464
20 15506983
21 16040589
22 15362538
23 15416866
24 16399990
25 15452526
26 15345991
27 16170652
28 15512009
29 15583983
30 16133546
31 15393471
32 15508476
33 15844858
34 15668388
35 15424414
36 16259373
37 15465560
38 15490570
39 16085590
40 15405362
41 15383200
42 16294969
43 15344179
44 15584941
45 16069549
46 15611200
47 15485459
48 16137363
49 15551471
50 15334458
51 15995914
52 15266449
53 15410476
54 16146229
55 15466846
56 15462692
57 16029852
58 15307359
59 15435324
60 16483617
61 15318273
62 15398268
63 16164182
64 15438192
65 13162731
