0 396310
1 305572
2 295733
3 1131908
4 1165900
5 1083503
6 1633018
7 1593999
8 1607177
9 1568387
10 1466674
11 1486870
12 1571855
13 1483130
14 1581915
15 1576523
16 1613723
17 1462704
18 1571765
19 1459424
20 1499385
21 1494129
22 1558201
23 1592511
24 1681219
25 1554865
26 1623285
27 1585733
28 1452068
29 1569495
30 1735070
31 1619363
32 1541777
33 1513773
34 1514755
35 1494533
36 1541116
37 1580174
38 1538461
39 1650969
40 1489444
41 1525512
42 1566460
43 1527075
44 1544809
45 1629762
46 1620300
47 1629365
48 1457389
49 1409199
50 1571939
51 1682791
52 1461387
53 1509508
54 1689450
55 1583109
56 1631779
57 1654108
58 1470150
59 1592933
60 1574323
61 1496448
62 1505878
63 1577818
64 1539113
65 1210607
