0 354443
1 316950
2 291489
3 1122667
4 1163893
5 1092172
6 1602169
7 1484520
8 1577468
9 1605452
10 1601143
11 1551562
12 1540372
13 1523918
14 1669526
15 1587681
16 1508586
17 1644100
18 1603617
19 1613188
20 1484378
21 1594783
22 1472568
23 1506682
24 1594357
25 1472910
26 1531451
27 1569244
28 1448074
29 1534258
30 1652091
31 1521126
32 1598798
33 1597209
34 1679088
35 1522153
36 1635944
37 1648968
38 1529945
39 1624878
40 1607384
41 1639665
42 1634470
43 1448353
44 1640704
45 1603001
46 1571272
47 1508865
48 1519111
49 1482373
50 1497109
51 1663972
52 1506755
53 1497227
54 1548458
55 1445136
56 1431950
57 1632842
58 1418028
59 1573134
60 1590537
61 1506617
62 1514494
63 1623568
64 1564695
65 1358111
