0 351231
1 298242
2 302136
3 1084699
4 1077613
5 1193800
6 1722749
7 1637256
8 1601376
9 1646431
10 1695316
11 1604397
12 1720704
13 1566810
14 1538352
15 1553183
16 1566325
17 1684368
18 1652474
19 1596360
20 1517120
21 1670577
22 1580687
23 1509974
24 1723216
25 1533922
26 1539600
27 1662942
28 1577153
29 1525718
30 1603802
31 1627938
32 1547481
33 1683056
34 1550169
35 1547491
36 1659927
37 1494783
38 1535077
39 1569011
40 1486152
41 1427378
42 1645275
43 1492355
44 1549525
45 1628968
46 1551144
47 1537867
48 1608469
49 1618853
50 1638616
51 1443119
52 1467646
53 1551000
54 1759227
55 1543900
56 1529844
57 1641312
58 1550351
59 1562017
60 1625598
61 1526316
62 1496374
63 1603825
64 1549459
65 1228620
