0 400938
1 324695
2 306523
3 1119164
4 1122667
5 1143092
6 1683746
7 1556405
8 1467648
9 1598492
10 1613584
11 1576076
12 1719108
13 1574594
14 1513160
15 1563140
16 1501898
17 1593652
18 1711195
19 1598474
20 1578361
21 1664944
22 1496876
23 1486271
24 1727743
25 1489415
26 1565091
27 1616124
28 1550651
29 1546130
30 1542817
31 1712185
32 1563971
33 1505819
34 1495508
35 1519468
36 1686988
37 1581588
38 1620668
39 1672513
40 1600639
41 1460807
42 1651411
43 1469493
44 1476053
45 1603773
46 1493827
47 1537618
48 1637995
49 1604176
50 1576039
51 1626212
52 1576683
53 1438159
54 1683050
55 1482426
56 1599547
57 1563625
58 1479964
59 1554937
60 1563683
61 1603492
62 1544076
63 1653503
64 1585819
65 1314943
