0 354430
1 296984
2 321091
3 1124590
4 1094744
5 1169339
6 1716886
7 1679820
8 1623960
9 1616837
10 1559081
11 1670983
12 1635505
13 1594930
14 1562099
15 1584988
16 1479697
17 1575783
18 1693957
19 1463347
20 1424503
21 1592683
22 1513415
23 1647513
24 1592504
25 1638243
26 1498366
27 1582111
28 1586941
29 1599492
30 1556525
31 1435306
32 1594128
33 1536152
34 1632673
35 1624281
36 1566703
37 1537347
38 1561814
39 1646037
40 1440401
41 1670553
42 1692537
43 1509263
44 1524960
45 1552979
46 1574904
47 1505598
48 1628275
49 1599339
50 1514889
51 1584108
52 1469331
53 1692595
54 1604353
55 1617280
56 1561294
57 1656998
58 1487265
59 1470620
60 1774143
61 1558825
62 1580183
63 1617428
64 1533063
65 1284281
