0 206238
1 180893
2 179612
3 688363
4 622711
5 641102
6 1354790
7 1257298
8 1294179
9 2578265
10 2380204
11 2491579
12 2415524
13 2342030
14 2331207
15 2416320
16 2371895
17 2410190
18 2610566
19 2359401
20 2256012
21 2474865
22 2310867
23 2392898
24 2476769
25 2222215
26 2428525
27 2436534
28 2278297
29 2349537
30 2476181
31 2211566
32 2322386
33 2279656
34 2335241
35 2241641
36 2383681
37 2483352
38 2332600
39 2526789
40 2276575
41 2168640
42 2498356
43 2387792
44 2251410
45 2394101
46 2298143
47 2363947
48 2387555
49 2252357
50 2463073
51 2356341
52 2256282
53 2308428
54 2372458
55 2184907
56 2302403
57 2399078
58 2338989
59 2278880
60 2510041
61 2243742
62 2302641
63 2405555
64 2366186
65 2253556
66 2437993
67 2359215
68 2312064
69 2477688
70 2343333
71 2434102
72 2374705
73 2333178
74 2301604
75 2557283
76 2496960
77 2273972
78 2543881
79 2353693
80 2291157
81 2427973
82 2426931
83 2414552
84 2398266
85 2274503
86 2219869
87 2451645
88 2314989
89 2260696
90 2433158
91 2414462
92 2384189
93 2312562
94 2266990
95 2233340
96 2354775
97 2343773
98 2348835
99 2484812
100 2322015
101 2381989
102 2337952
103 2247893
104 2363193
105 2383074
106 2289354
107 2294430
108 2438208
109 2299430
110 2345003
111 2452278
112 2386759
113 2193063
114 2515165
115 2345564
116 2387273
117 2406524
118 2247546
119 2346923
120 2385752
121 2188475
122 2284200
123 2405711
124 2202338
125 2432831
126 2404620
127 2266341
128 2410243
129 2450348
130 2268405
131 1906362
