0 202807
1 189052
2 171718
3 745678
4 692620
5 644876
6 1408036
7 1376707
8 1324091
9 2503370
10 2328255
11 2436973
12 2562627
13 2407319
14 2380119
15 2453378
16 2217462
17 2283694
18 2303042
19 2385072
20 2332493
21 2385332
22 2263536
23 2377021
24 2360360
25 2316437
26 2463154
27 2320566
28 2411420
29 2385283
30 2347520
31 2341620
32 2339418
33 2485226
34 2289343
35 2371817
36 2418173
37 2399395
38 2365754
39 2319266
40 2312258
41 2222998
42 2399887
43 2349400
44 2383091
45 2449310
46 2260154
47 2232941
48 2435390
49 2277967
50 2315910
51 2483493
52 2258343
53 2361987
54 2467934
55 2336817
56 2296999
57 2372062
58 2480950
59 2314712
60 2388574
61 2301589
62 2332606
63 2470711
64 2157745
65 2293441
66 2413714
67 2298818
68 2359419
69 2427763
70 2311260
71 2324756
72 2448523
73 2263646
74 2355481
75 2386796
76 2267005
77 2256244
78 2416985
79 2354140
80 2246763
81 2463133
82 2367306
83 2462731
84 2562595
85 2354709
86 2307827
87 2388341
88 2280090
89 2369462
90 2445239
91 2277479
92 2292263
93 2561715
94 2250301
95 2407230
96 2443419
97 2277922
98 2405746
99 2545115
100 2326602
101 2355418
102 2367892
103 2397056
104 2357842
105 2499607
106 2313064
107 2241061
108 2527713
109 2429433
110 2276089
111 2444254
112 2270796
113 2338523
114 2381550
115 2186055
116 2165069
117 2402663
118 2360957
119 2259651
120 2307842
121 2308277
122 2342409
123 2502257
124 2296300
125 2239658
126 2389313
127 2318059
128 2252993
129 2367681
130 2380482
131 1901041
