0 214047
1 176121
2 178753
3 653775
4 631956
5 560741
6 1429270
7 1352071
8 1363017
9 2482461
10 2343050
11 2300676
12 2470293
13 2287951
14 2479666
15 2558475
16 2301276
17 2364273
18 2366338
19 2452546
20 2225143
21 2437793
22 2350169
23 2289408
24 2350199
25 2305283
26 2410699
27 2373337
28 2352086
29 2231910
30 2435721
31 2371321
32 2217454
33 2496032
34 2436420
35 2346142
36 2416366
37 2290434
38 2355844
39 2564727
40 2329380
41 2462644
42 2384847
43 2259620
44 2401118
45 2361697
46 2299721
47 2364184
48 2444545
49 2247788
50 2212752
51 2499595
52 2326327
53 2219516
54 2408879
55 2297493
56 2277423
57 2541264
58 2295699
59 2265320
60 2447391
61 2461376
62 2407696
63 2380306
64 2330529
65 2309941
66 2402347
67 2215316
68 2337301
69 2275155
70 2336923
71 2203291
72 2371552
73 2415869
74 2241477
75 2438305
76 2292430
77 2440643
78 2323555
79 2300072
80 2322785
81 2512243
82 2257192
83 2354097
84 2405097
85 2310547
86 2223645
87 2453040
88 2219192
89 2286006
90 2456228
91 2286565
92 2317843
93 2429871
94 2303225
95 2421503
96 2405112
97 2358394
98 2253228
99 2399365
100 2336451
101 2278831
102 2427607
103 2355942
104 2265297
105 2376169
106 2432866
107 2246168
108 2490773
109 2280417
110 2337534
111 2404449
112 2258913
113 2275584
114 2378113
115 2324464
116 2402881
117 2443869
118 2309729
119 2230155
120 2313325
121 2266306
122 2318698
123 2436727
124 2292132
125 2365967
126 2523080
127 2475485
128 2349826
129 2384714
130 2282781
131 1725562
