0 185736
1 186013
2 172101
3 632678
4 644907
5 662109
6 1239463
7 1308139
8 1408130
9 2362268
10 2395871
11 2323493
12 2281525
13 2312776
14 2300730
15 2456427
16 2301462
17 2250817
18 2348896
19 2351704
20 2252146
21 2488439
22 2345558
23 2415354
24 2418307
25 2390460
26 2341511
27 2338362
28 2326544
29 2371973
30 2534464
31 2392042
32 2384570
33 2419186
34 2296922
35 2310194
36 2410452
37 2411330
38 2282359
39 2494058
40 2320628
41 2353150
42 2412829
43 2433932
44 2366392
45 2423701
46 2336837
47 2236136
48 2466989
49 2274149
50 2448438
51 2438243
52 2166188
53 2391168
54 2546021
55 2361043
56 2396113
57 2472620
58 2279353
59 2376551
60 2465705
61 2209648
62 2322921
63 2488517
64 2442576
65 2288091
66 2455641
67 2269853
68 2338261
69 2401636
70 2287263
71 2367691
72 2342592
73 2294353
74 2340241
75 2420250
76 2213802
77 2190148
78 2529253
79 2278401
80 2252968
81 2394794
82 2188700
83 2214525
84 2364848
85 2309187
86 2307631
87 2382182
88 2352636
89 2268747
90 2477235
91 2319672
92 2352418
93 2439560
94 2446876
95 2214353
96 2448636
97 2223170
98 2325971
99 2437541
100 2412435
101 2283474
102 2452627
103 2351362
104 2364602
105 2486394
106 2298376
107 2340904
108 2374789
109 2325303
110 2252496
111 2482913
112 2247287
113 2357132
114 2577709
115 2308316
116 2293903
117 2370915
118 2315299
119 2341321
120 2520405
121 2339323
122 2305043
123 2463066
124 2345068
125 2303156
126 2626561
127 2385994
128 2197405
129 2456027
130 2312629
131 2062021
