0 1273221
1 1102277
2 1068333
3 4106001
4 3824388
5 3786398
6 8251872
7 8218166
8 8153217
9 15046415
10 14309514
11 14270358
12 14587350
13 13961222
14 14304663
15 14793489
16 13912958
17 14052957
18 14645824
19 14196728
20 13863625
21 14848110
22 14191024
23 14172693
24 14672915
25 13960164
26 14247987
27 14449651
28 13894809
29 13935242
30 14631497
31 14042806
32 14010750
33 14676524
34 14063724
35 13937672
36 14438094
37 14203829
38 14120615
39 14804621
40 14082841
41 13909333
42 14497599
43 14000956
44 14137178
45 14613279
46 13870317
47 13892332
48 14878101
49 13936777
50 14118769
51 14684822
52 13821374
53 13908534
54 14713953
55 13808804
56 13938235
57 14651293
58 13925183
59 14105357
60 14731849
61 13962718
62 14079873
63 14736591
64 13806536
65 13861156
66 14578821
67 13761018
68 13930322
69 14667936
70 13922087
71 14008980
72 14445735
73 14014116
74 13939896
75 14740923
76 13913129
77 13924481
78 14642775
79 14123319
80 13832496
81 14573711
82 13813062
83 14151013
84 14572669
85 13935935
86 13927091
87 14771765
88 13910755
89 13894756
90 14718338
91 13948783
92 13969753
93 14836398
94 13919451
95 13921276
96 14676839
97 13900073
98 13911428
99 14684157
100 14042519
101 13987625
102 14563986
103 14100033
104 14122501
105 14450067
106 13960401
107 13818654
108 14829372
109 13841439
110 13746210
111 14763517
112 13883480
113 13830528
114 14731726
115 13952704
116 13868514
117 14544104
118 13847198
119 13948469
120 14350870
121 13832680
122 13859472
123 14625916
124 13722969
125 13894636
126 14912942
127 14111546
128 13976803
129 14764931
130 13980778
131 11367289
