0 248445
1 173963
2 189323
3 722117
4 638094
5 645905
6 1487482
7 1426635
8 1454998
9 2666409
10 2377938
11 2395182
12 2523025
13 2295618
14 2393007
15 2480714
16 2383292
17 2319163
18 2463782
19 2329134
20 2509398
21 2484044
22 2395156
23 2289209
24 2455988
25 2324222
26 2232995
27 2554171
28 2226065
29 2335542
30 2370552
31 2298588
32 2489733
33 2531049
34 2406066
35 2423602
36 2416598
37 2294430
38 2331153
39 2451163
40 2277865
41 2414737
42 2467105
43 2317799
44 2385696
45 2524179
46 2433007
47 2273872
48 2507335
49 2519740
50 2324650
51 2570072
52 2432415
53 2316073
54 2504796
55 2284539
56 2280842
57 2467690
58 2232391
59 2438295
60 2495687
61 2420019
62 2378961
63 2500695
64 2270267
65 2399580
66 2524278
67 2374518
68 2251928
69 2566969
70 2329108
71 2278131
72 2412411
73 2421550
74 2290473
75 2514484
76 2366760
77 2394318
78 2372976
79 2430051
80 2313642
81 2334159
82 2252705
83 2312894
84 2333767
85 2271633
86 2372355
87 2536056
88 2322352
89 2320941
90 2457024
91 2268992
92 2269600
93 2520327
94 2369061
95 2295131
96 2626501
97 2415414
98 2320872
99 2364804
100 2292264
101 2310765
102 2546654
103 2424661
104 2431532
105 2358367
106 2339948
107 2249787
108 2492623
109 2293589
110 2319400
111 2499477
112 2348883
113 2372553
114 2450462
115 2491076
116 2316253
117 2332343
118 2288308
119 2510611
120 2477445
121 2275217
122 2366699
123 2406652
124 2270291
125 2218384
126 2490734
127 2280283
128 2409804
129 2494040
130 2456781
131 1816985
