0 215948
1 196235
2 176826
3 663390
4 594100
5 631665
6 1332831
7 1497316
8 1308802
9 2453642
10 2484196
11 2322455
12 2334356
13 2315528
14 2419934
15 2428175
16 2337571
17 2424820
18 2553200
19 2318871
20 2288433
21 2577637
22 2525738
23 2408803
24 2611292
25 2401547
26 2371103
27 2426681
28 2300397
29 2260997
30 2467059
31 2427669
32 2257189
33 2465375
34 2299732
35 2244276
36 2392824
37 2324888
38 2452905
39 2448618
40 2566135
41 2287164
42 2334575
43 2252413
44 2349471
45 2460291
46 2242455
47 2421252
48 2636287
49 2364776
50 2353946
51 2337078
52 2381819
53 2311362
54 2413865
55 2344005
56 2384455
57 2398579
58 2297801
59 2431599
60 2424451
61 2326344
62 2335048
63 2490807
64 2239233
65 2316547
66 2344848
67 2243298
68 2331349
69 2518725
70 2314200
71 2401009
72 2495952
73 2285520
74 2410620
75 2423805
76 2276172
77 2369156
78 2456125
79 2406962
80 2405181
81 2441409
82 2320228
83 2392214
84 2508096
85 2415356
86 2495764
87 2560501
88 2421496
89 2388904
90 2449454
91 2381613
92 2353440
93 2572363
94 2282998
95 2349719
96 2398396
97 2281400
98 2256776
99 2452520
100 2352752
101 2377148
102 2431254
103 2323119
104 2340035
105 2346456
106 2286793
107 2446304
108 2505266
109 2213267
110 2215688
111 2480146
112 2370842
113 2293673
114 2428727
115 2297229
116 2303135
117 2587790
118 2325359
119 2259808
120 2346101
121 2455082
122 2242423
123 2411503
124 2316840
125 2334640
126 2478634
127 2385384
128 2356532
129 2612121
130 2279700
131 1955318
