0 4277156
1 3445236
2 3506839
3 11080310
4 10222739
5 10174961
6 10796402
7 10063339
8 9963788
9 10367937
10 10045223
11 10046754
12 10528622
13 10038511
14 9851563
15 10472733
16 10055844
17 9972143
18 10330900
19 9875902
20 9891309
21 10334448
22 9958308
23 9895501
24 10475901
25 9971429
26 9913427
27 10443553
28 9883751
29 9830241
30 10486228
31 9749194
32 9825801
33 10269313
34 9974229
35 9817400
36 10423406
37 9966964
38 9892020
39 10453661
40 9689468
41 9768284
42 10483968
43 9881347
44 9908133
45 10109593
46 10014610
47 9899763
48 10541699
49 9783636
50 9863093
51 10502494
52 9712463
53 9930229
54 10514333
55 9806979
56 9820017
57 10382329
58 9865763
59 9776400
60 10379636
61 9910820
62 7740008
