0 413211
1 290863
2 328149
3 912091
4 911094
5 920927
6 948702
7 858719
8 860117
9 959023
10 930803
11 954540
12 945148
13 909877
14 889266
15 984804
16 865972
17 895260
18 893696
19 877433
20 987477
21 961841
22 858852
23 884729
24 911018
25 865718
26 878926
27 910281
28 925329
29 892499
30 909095
31 841399
32 809309
33 903686
34 868904
35 840730
36 975970
37 882759
38 890258
39 976161
40 869681
41 885143
42 942372
43 815268
44 963299
45 874291
46 931322
47 960973
48 989015
49 923417
50 847892
51 912187
52 801940
53 919098
54 967316
55 886713
56 852908
57 983043
58 907282
59 821143
60 970449
61 937337
62 680454
