0 353667
1 318922
2 327599
3 1010845
4 864871
5 866755
6 942977
7 928174
8 887640
9 904011
10 904075
11 849790
12 1024362
13 878521
14 924712
15 968434
16 939546
17 876858
18 949545
19 859355
20 942234
21 901662
22 915453
23 916362
24 966816
25 881877
26 861129
27 944029
28 859597
29 867401
30 970612
31 900138
32 871925
33 928473
34 924770
35 944957
36 925667
37 846090
38 879658
39 900911
40 846729
41 864093
42 996802
43 946246
44 897391
45 881223
46 881503
47 901379
48 941776
49 867999
50 907782
51 921263
52 966251
53 907700
54 960921
55 856541
56 903916
57 935719
58 850575
59 877805
60 926860
61 891155
62 664625
