0 393840
1 280914
2 303673
3 954406
4 1020795
5 909782
6 1014585
7 902519
8 929473
9 935132
10 891095
11 948232
12 935818
13 867758
14 877403
15 942968
16 896803
17 833840
18 913528
19 862287
20 929452
21 938223
22 833435
23 920954
24 880517
25 932863
26 932868
27 947950
28 833965
29 841322
30 927126
31 815226
32 902734
33 947830
34 858685
35 878903
36 903776
37 860890
38 891331
39 889311
40 884047
41 930037
42 910946
43 953248
44 792642
45 881890
46 880089
47 846858
48 921223
49 940834
50 953191
51 984374
52 882458
53 887605
54 979496
55 810493
56 878997
57 951139
58 786898
59 817944
60 927482
61 893312
62 712020
