0 371275
1 313515
2 283915
3 1037749
4 910153
5 924422
6 982671
7 933389
8 871448
9 918131
10 944114
11 921282
12 946347
13 890558
14 901423
15 940928
16 881626
17 932881
18 938518
19 906573
20 835664
21 940974
22 933544
23 912536
24 927191
25 962542
26 826419
27 988660
28 818155
29 883873
30 1004762
31 911518
32 818406
33 945239
34 884222
35 862659
36 855381
37 887001
38 873599
39 933035
40 923469
41 933468
42 862338
43 882071
44 924691
45 899126
46 875954
47 896307
48 944283
49 876416
50 871201
51 934773
52 834158
53 940231
54 985558
55 865547
56 797152
57 842411
58 914861
59 968793
60 900031
61 911497
62 685098
