0 390734
1 317338
2 338206
3 991631
4 915409
5 843776
6 930344
7 881157
8 959952
9 868659
10 883161
11 862244
12 909188
13 888146
14 882478
15 921089
16 963116
17 903270
18 899405
19 898415
20 900453
21 897040
22 887993
23 901575
24 960579
25 836946
26 890242
27 975467
28 886358
29 892148
30 963484
31 878376
32 877112
33 892192
34 981632
35 839749
36 971356
37 941379
38 913900
39 952068
40 883659
41 902891
42 985641
43 858489
44 949770
45 950396
46 935782
47 885791
48 893689
49 820008
50 875459
51 959426
52 902062
53 849242
54 1000572
55 909134
56 961534
57 945909
58 947815
59 881239
60 873116
61 794780
62 688082
