0 396437
1 312325
2 336738
3 1028940
4 813659
5 973302
6 917059
7 922853
8 864236
9 944796
10 894967
11 895973
12 939785
13 892834
14 944608
15 925525
16 897675
17 897056
18 908230
19 893335
20 877673
21 937979
22 867619
23 855123
24 976649
25 885013
26 915534
27 941332
28 901545
29 902803
30 945214
31 913917
32 886382
33 958619
34 949892
35 916302
36 1015841
37 884982
38 835671
39 989691
40 840742
41 856635
42 981006
43 897767
44 901342
45 891752
46 952272
47 837225
48 999060
49 912138
50 971763
51 987771
52 933132
53 893914
54 893821
55 903355
56 909719
57 970669
58 875158
59 895631
60 950475
61 891735
62 687770
