0 373199
1 320672
2 299599
3 980803
4 896804
5 933975
6 955843
7 947329
8 882385
9 960093
10 856038
11 943669
12 949600
13 906003
14 805967
15 857506
16 927577
17 880725
18 948228
19 831633
20 920939
21 968837
22 905556
23 884793
24 917300
25 930300
26 853578
27 874564
28 889487
29 892907
30 898306
31 913981
32 931122
33 922398
34 915747
35 888890
36 900130
37 977378
38 914854
39 972511
40 882758
41 848576
42 861411
43 923703
44 840375
45 907990
46 899385
47 870734
48 949087
49 869382
50 899071
51 904525
52 808467
53 852481
54 940590
55 933315
56 940502
57 884040
58 881094
59 988729
60 914488
61 852421
62 683885
