0 409419
1 320027
2 315564
3 995472
4 957935
5 984979
6 948639
7 869363
8 871752
9 925757
10 928588
11 823739
12 915851
13 930382
14 865977
15 974552
16 919634
17 916575
18 953551
19 920048
20 801241
21 871764
22 910294
23 933595
24 939137
25 847403
26 976220
27 871853
28 1003055
29 855841
30 974746
31 878277
32 884242
33 900514
34 822579
35 902891
36 921114
37 877627
38 999283
39 954799
40 849940
41 905549
42 996944
43 848062
44 891429
45 936300
46 907744
47 927266
48 1001274
49 853069
50 799129
51 925203
52 886761
53 899899
54 996658
55 900330
56 852098
57 859201
58 907321
59 885859
60 970002
61 912455
62 729938
