0 3849440
1 3100712
2 3156155
3 9972279
4 9200465
5 9157465
6 9716762
7 9057005
8 8967409
9 9331143
10 9040701
11 9042079
12 9475760
13 9034660
14 8866407
15 9425460
16 9050260
17 8974929
18 9297810
19 8888312
20 8902178
21 9301003
22 8962477
23 8905951
24 9428311
25 8974286
26 8922084
27 9399198
28 8895376
29 8847217
30 9437605
31 8774275
32 8843221
33 9242382
34 8976806
35 8835660
36 9381065
37 8970268
38 8902818
39 9408295
40 8720521
41 8791456
42 9435571
43 8893212
44 8917320
45 9098634
46 9013149
47 8909787
48 9487529
49 8805272
50 8876784
51 9452245
52 8741217
53 8937206
54 9462900
55 8826281
56 8838015
57 9344096
58 8879187
59 8798760
60 9341672
61 8919738
62 6966007
