0 386114
1 321728
2 311261
3 1026369
4 940448
5 872150
6 1016699
7 873378
8 903110
9 906701
10 879840
11 925801
12 983052
13 901979
14 866145
15 986431
16 842358
17 851244
18 964257
19 918525
20 894056
21 932609
22 972256
23 836053
24 968208
25 909794
26 919761
27 993836
28 898059
29 913360
30 934163
31 825128
32 913461
33 958691
34 880886
35 903041
36 971850
37 924415
38 821491
39 963255
40 910762
41 812860
42 990124
43 857502
44 842044
45 912996
46 827568
47 850827
48 891240
49 875520
50 912800
51 1007656
52 904180
53 926744
54 856521
55 890062
56 813719
57 984627
58 872841
59 826472
60 948932
61 928065
62 689356
