0 361544
1 304408
2 311451
3 1033973
4 969297
5 927397
6 1059243
7 940124
8 937296
9 1008840
10 928020
11 916809
12 926609
13 968602
14 908428
15 923223
16 915953
17 987220
18 928852
19 920708
20 812989
21 950074
22 877475
23 860231
24 980896
25 921830
26 867407
27 951226
28 879826
29 905063
30 910097
31 896315
32 948528
33 884740
34 889489
35 857538
36 939980
37 887747
38 882773
39 876553
40 828734
41 852204
42 907987
43 910856
44 914337
45 962670
46 921530
47 932427
48 956882
49 866489
50 838496
51 915067
52 821808
53 860292
54 881447
55 870791
56 927470
57 987338
58 935342
59 835145
60 959837
61 906981
62 744779
