0 67684
1 55470
2 51221
3 179960
4 165050
5 148802
6 347766
7 315148
8 345939
9 598843
10 590399
11 542734
12 839923
13 804718
14 798152
15 1207416
16 1054687
17 1076897
18 1203971
19 1129364
20 1146637
21 1086620
22 1111730
23 1114181
24 1180315
25 1077627
26 1081429
27 1194355
28 1116915
29 1100804
30 1167326
31 1090902
32 1104668
33 1162916
34 1134372
35 1108612
36 1142888
37 1090419
38 1060391
39 1160691
40 1048441
41 1069303
42 1132441
43 1136980
44 1017587
45 1124649
46 1112839
47 1083670
48 1174415
49 1135780
50 1082548
51 1206994
52 1110935
53 1141562
54 1144926
55 1110403
56 1115755
57 1167962
58 1102451
59 1135956
60 1113609
61 1119360
62 1023548
63 1194112
64 1058165
65 1065176
66 1180640
67 1168243
68 1051217
69 1128546
70 1083924
71 1101040
72 1162231
73 1105218
74 1175670
75 1188733
76 1156441
77 1049724
78 1136864
79 1126307
80 1075919
81 1208227
82 1068913
83 1125069
84 1207164
85 1137308
86 1223426
87 1121551
88 1052696
89 1141902
90 1190147
91 1103986
92 1063127
93 1200654
94 1107837
95 1095933
96 1143229
97 1135869
98 1112529
99 1173563
100 1113763
101 1108044
102 1065044
103 1093228
104 1089528
105 1176917
106 1134686
107 1113509
108 1166815
109 1163958
110 1083384
111 1138287
112 1111033
113 1091337
114 1116225
115 1128655
116 1126335
117 1204881
118 1125817
119 839766
