0 63626
1 56780
2 50637
3 177889
4 166861
5 150186
6 361676
7 312485
8 344702
9 572205
10 589472
11 547032
12 790767
13 798081
14 802525
15 1179760
16 1082053
17 1105248
18 1203769
19 1127639
20 1137256
21 1077920
22 1088770
23 1107902
24 1181400
25 1076572
26 1063968
27 1191541
28 1125222
29 1091819
30 1173443
31 1088291
32 1095490
33 1151167
34 1136547
35 1098257
36 1117194
37 1085406
38 1068843
39 1179372
40 1045763
41 1076284
42 1124777
43 1137287
44 1023649
45 1129318
46 1101919
47 1081046
48 1181565
49 1125895
50 1110031
51 1191868
52 1104115
53 1138973
54 1161111
55 1119970
56 1117342
57 1183272
58 1100604
59 1141170
60 1114096
61 1131935
62 1014933
63 1202377
64 1058618
65 1082963
66 1174846
67 1172381
68 1053206
69 1125975
70 1104921
71 1097691
72 1162487
73 1111592
74 1160552
75 1200371
76 1147194
77 1060857
78 1132488
79 1123369
80 1069695
81 1204836
82 1072516
83 1129251
84 1196206
85 1140912
86 1214579
87 1119595
88 1052905
89 1149906
90 1200216
91 1094703
92 1064393
93 1202515
94 1130981
95 1072135
96 1146137
97 1126853
98 1121125
99 1165552
100 1119959
101 1116220
102 1062503
103 1095128
104 1087889
105 1182165
106 1142631
107 1109342
108 1152667
109 1157131
110 1102316
111 1130766
112 1109809
113 1099564
114 1109103
115 1124665
116 1110556
117 1197321
118 1131301
119 836672
