0 131310
1 112250
2 101858
3 357849
4 331911
5 298988
6 709442
7 627633
8 690641
9 1171048
10 1179871
11 1089766
12 1630690
13 1602799
14 1600677
15 2387176
16 2136740
17 2182145
18 2407740
19 2257003
20 2283893
21 2164540
22 2200500
23 2222083
24 2361715
25 2154199
26 2145397
27 2385896
28 2242137
29 2192623
30 2340769
31 2179193
32 2200158
33 2314083
34 2270919
35 2206869
36 2260082
37 2175825
38 2129234
39 2340063
40 2094204
41 2145587
42 2257218
43 2274267
44 2041236
45 2253967
46 2214758
47 2164716
48 2355980
49 2261675
50 2192579
51 2398862
52 2215050
53 2280535
54 2306037
55 2230373
56 2233097
57 2351234
58 2203055
59 2277126
60 2227705
61 2251295
62 2038481
63 2396489
64 2116783
65 2148139
66 2355486
67 2340624
68 2104423
69 2254521
70 2188845
71 2198731
72 2324718
73 2216810
74 2336222
75 2389104
76 2303635
77 2110581
78 2269352
79 2249676
80 2145614
81 2413063
82 2141429
83 2254320
84 2403370
85 2278220
86 2438005
87 2241146
88 2105601
89 2291808
90 2390363
91 2198689
92 2127520
93 2403169
94 2238818
95 2168068
96 2289366
97 2262722
98 2233654
99 2339115
100 2233722
101 2224264
102 2127547
103 2188356
104 2177417
105 2359082
106 2277317
107 2222851
108 2319482
109 2321089
110 2185700
111 2269053
112 2220842
113 2190901
114 2225328
115 2253320
116 2236891
117 2402202
118 2257118
119 1676438
