0 188134
1 174599
2 140972
3 552110
4 522694
5 482562
6 557794
7 513697
8 525108
9 549258
10 492394
11 526334
12 617739
13 459911
14 438188
15 512049
16 537174
17 481889
18 500161
19 445819
20 476534
21 501696
22 475026
23 462310
24 478892
25 489335
26 499460
27 507994
28 501862
29 526468
30 497165
31 574446
32 592678
33 658769
34 587767
35 652610
36 659673
37 626508
38 590745
39 682098
40 606030
41 621263
42 665160
43 647201
44 594782
45 657468
46 645819
47 648366
48 631284
49 619144
50 610031
51 673085
52 619064
53 604262
54 623109
55 620660
56 613704
57 651239
58 600956
59 619697
60 666064
61 618910
62 623894
63 601418
64 630346
65 640748
66 641829
67 616485
68 579818
69 665073
70 617123
71 586375
72 600932
73 627903
74 612177
75 601363
76 672428
77 600243
78 630842
79 674613
80 580604
81 656113
82 634465
83 574999
84 581976
85 583057
86 592854
87 634954
88 616884
89 639309
90 644831
91 634165
92 612495
93 654242
94 608981
95 596099
96 680656
97 571318
98 586613
99 696818
100 600815
101 658844
102 636418
103 621274
104 625750
105 617430
106 631572
107 588266
108 608935
109 637840
110 629514
111 638690
112 589639
113 604192
114 657252
115 665531
116 587643
117 635133
118 581255
119 620021
120 646074
121 598494
122 625102
123 612973
124 620636
125 440847
