0 189810
1 170361
2 139380
3 568383
4 521099
5 510169
6 521615
7 525820
8 587772
9 571605
10 502262
11 518642
12 564249
13 488638
14 507053
15 473972
16 447213
17 465895
18 503211
19 468822
20 454154
21 513793
22 450453
23 472145
24 481521
25 489802
26 479045
27 514389
28 514633
29 500025
30 572679
31 565570
32 562906
33 619540
34 625958
35 600651
36 604803
37 609235
38 610777
39 634255
40 644765
41 589265
42 655760
43 558089
44 627962
45 656989
46 637743
47 588298
48 658523
49 578404
50 617426
51 626866
52 603657
53 654962
54 617900
55 591197
56 620296
57 569065
58 646798
59 647111
60 586852
61 636924
62 593965
63 638871
64 607976
65 634510
66 644878
67 590529
68 588762
69 610969
70 642124
71 655484
72 638849
73 579631
74 567544
75 627819
76 605111
77 611028
78 634636
79 639024
80 622941
81 634479
82 598110
83 612659
84 645336
85 627078
86 602661
87 615249
88 617281
89 661234
90 628814
91 591912
92 592803
93 630603
94 614641
95 629982
96 638223
97 596804
98 629229
99 648911
100 654424
101 641785
102 635029
103 628104
104 594000
105 614760
106 613627
107 608647
108 625663
109 589639
110 645209
111 618161
112 617044
113 605351
114 608433
115 633881
116 600971
117 640751
118 609464
119 633492
120 652479
121 612366
122 624406
123 614354
124 594499
125 478990
