0 209006
1 163708
2 140761
3 627744
4 530374
5 562155
6 560775
7 541633
8 507686
9 555117
10 554551
11 503371
12 581112
13 486651
14 454125
15 493760
16 493271
17 516797
18 524604
19 515100
20 458382
21 519206
22 504132
23 475798
24 509760
25 503354
26 495935
27 533887
28 514483
29 590001
30 562306
31 595003
32 591926
33 661478
34 598770
35 620496
36 596558
37 607235
38 659574
39 580089
40 590600
41 656959
42 640639
43 603553
44 622564
45 690642
46 631147
47 636117
48 673889
49 650928
50 589675
51 640449
52 644105
53 623069
54 671197
55 624487
56 627365
57 697005
58 630401
59 610209
60 645895
61 620620
62 645139
63 612776
64 659631
65 622707
66 704626
67 636536
68 587150
69 647205
70 622155
71 605166
72 729467
73 633733
74 647128
75 617572
76 613956
77 581950
78 677964
79 588867
80 618817
81 638552
82 616066
83 622495
84 644234
85 572102
86 600383
87 686309
88 626004
89 601944
90 618854
91 624006
92 604559
93 623240
94 661304
95 619157
96 669481
97 652643
98 654689
99 645051
100 616833
101 633398
102 682419
103 624560
104 617207
105 692375
106 630002
107 615111
108 644946
109 609740
110 639830
111 656096
112 600266
113 606244
114 641494
115 632599
116 644526
117 657809
118 632087
119 633476
120 636133
121 607322
122 600648
123 696098
124 672558
125 457436
