0 1078019
1 967709
2 884247
3 3261918
4 3067404
5 3013069
6 3012383
7 3055162
8 3127798
9 3197783
10 3080196
11 3325518
12 4052728
13 2828110
14 2679369
15 2872123
16 2744242
17 2845196
18 3040867
19 2863897
20 2698536
21 2799203
22 2708671
23 2702865
24 2860816
25 2690525
26 2774405
27 3053123
28 3058590
29 3293824
30 3517676
31 3505124
32 3660522
33 3822674
34 3667790
35 3728914
36 3815484
37 3691220
38 3742196
39 3770004
40 3709416
41 3787734
42 3882718
43 3658249
44 3725249
45 3929104
46 3695777
47 3782140
48 3842684
49 3770370
50 3622151
51 3885982
52 3620734
53 3714378
54 3793592
55 3693662
56 3698180
57 3778819
58 3732814
59 3771773
60 3800784
61 3763460
62 3729001
63 3834561
64 3776280
65 3788954
66 3894331
67 3769563
68 3650797
69 3754077
70 3732729
71 3686130
72 3823256
73 3673141
74 3882682
75 3716152
76 3727156
77 3658276
78 3822875
79 3785653
80 3678807
81 3884635
82 3647275
83 3657382
84 3776505
85 3736433
86 3699762
87 3758969
88 3701435
89 3799329
90 3789737
91 3662170
92 3753963
93 3831347
94 3712265
95 3742414
96 3960815
97 3648139
98 3676917
99 3933689
100 3757969
101 3785092
102 3845099
103 3675990
104 3661835
105 3817666
106 3708914
107 3701505
108 3840493
109 3649470
110 3839299
111 3762140
112 3682222
113 3769172
114 3846415
115 3730202
116 3729751
117 3777878
118 3650795
119 3799075
120 3889907
121 3666391
122 3727030
123 3834954
124 3751941
125 2365001
