0 106043
1 118249
2 158410
3 301970
4 425735
5 398025
6 366226
7 335267
8 495958
9 376242
10 442218
11 659077
12 1075006
13 364055
14 318398
15 378240
16 350662
17 444193
18 465260
19 433949
20 314899
21 270601
22 363528
23 303610
24 366677
25 307256
26 339701
27 420958
28 551580
29 605653
30 788566
31 672241
32 754869
33 623904
34 610825
35 659382
36 627242
37 605503
38 624216
39 595828
40 613677
41 667529
42 596323
43 664827
44 611622
45 598999
46 598737
47 636285
48 564059
49 678514
50 596526
51 589589
52 632118
53 658035
54 604382
55 616166
56 668172
57 584948
58 610574
59 675527
60 590904
61 622797
62 643650
63 623315
64 646320
65 643260
66 602798
67 624823
68 635947
69 570410
70 599737
71 650720
72 646900
73 644751
74 740371
75 607201
76 576884
77 640301
78 615652
79 616968
80 614046
81 640767
82 551191
83 609850
84 672772
85 677208
86 653624
87 581548
88 599633
89 641645
90 624935
91 607564
92 664143
93 628648
94 609051
95 675617
96 652417
97 627706
98 620579
99 606201
100 570302
101 607681
102 566125
103 624774
104 624416
105 570490
106 589815
107 627256
108 631960
109 563709
110 658432
111 585119
112 637926
113 625418
114 626376
115 617634
116 634103
117 609086
118 596437
119 687463
120 641926
121 598581
122 651378
123 599837
124 616376
125 121813
