0 178397
1 172647
2 150324
3 576799
4 523538
5 549514
6 519556
7 567908
8 492506
9 567752
10 543995
11 532329
12 605189
13 481489
14 477889
15 461489
16 449609
17 440229
18 512453
19 495162
20 458731
21 498952
22 450232
23 461379
24 479632
25 437622
26 457817
27 512341
28 475243
29 526107
30 557979
31 535320
32 577584
33 624757
34 578753
35 604676
36 624220
37 588449
38 603376
39 638841
40 625852
41 614156
42 671000
43 582724
44 599413
45 683258
46 565510
47 609016
48 691003
49 627304
50 593232
51 695106
52 546332
53 586591
54 633264
55 610754
56 574216
57 616172
58 669108
59 574821
60 642033
61 639175
62 614243
63 677781
64 628937
65 629389
66 635666
67 610136
68 609989
69 667391
70 617801
71 561706
72 606105
73 619656
74 666522
75 627609
76 627421
77 602887
78 611487
79 614159
80 663017
81 634863
82 583226
83 616214
84 603655
85 643748
86 619116
87 625275
88 607374
89 611580
90 644785
91 590399
92 664521
93 648379
94 608149
95 617743
96 666017
97 594565
98 569055
99 665823
100 645804
101 600782
102 625680
103 575046
104 608757
105 663243
106 608749
107 645049
108 669368
109 616973
110 611523
111 611762
112 618567
113 649762
114 665677
115 549575
116 647255
117 620620
118 597682
119 591092
120 614889
121 606745
122 621757
123 656133
124 640200
125 441669
