0 206629
1 168145
2 154400
3 634912
4 543964
5 510644
6 486417
7 570837
8 518768
9 577809
10 544776
11 585765
12 609433
13 547366
14 483716
15 552613
16 466313
17 496193
18 535178
19 505045
20 535836
21 494955
22 465300
23 527623
24 544334
25 463156
26 502447
27 563554
28 500789
29 545570
30 538981
31 562544
32 580559
33 634226
34 665717
35 591099
36 702988
37 654290
38 653508
39 638893
40 628492
41 638562
42 653836
43 601855
44 668906
45 641748
46 616821
47 664058
48 623926
49 616076
50 615261
51 660887
52 575458
53 587459
54 643740
55 630398
56 594427
57 660390
58 574977
59 644408
60 669036
61 625034
62 608110
63 680400
64 603070
65 618340
66 664534
67 691054
68 649131
69 593029
70 633789
71 626679
72 601003
73 567467
74 648940
75 634588
76 631356
77 621867
78 652294
79 652022
80 579382
81 679861
82 664217
83 621165
84 628532
85 633240
86 631124
87 615634
88 634259
89 643617
90 627518
91 614124
92 615442
93 646235
94 610139
95 603816
96 654021
97 605103
98 616752
99 670885
100 669791
101 642602
102 699428
103 602232
104 591705
105 659368
106 635149
107 617176
108 659621
109 631569
110 654791
111 652312
112 618780
113 678205
114 647183
115 630982
116 615253
117 614479
118 633870
119 633531
120 698406
121 642883
122 603739
123 655559
124 607672
125 424246
