0 223155
1 200857
2 162967
3 660335
4 674710
5 655450
6 1288046
7 1451638
8 1332318
9 2408067
10 2342239
11 2268200
12 2945842
13 2061621
14 2886491
15 3830989
16 4872239
17 5965941
18 7262238
19 8086923
20 8890906
21 9900040
22 10627903
23 10698413
24 10864196
25 11031271
26 10566836
27 10434114
28 10121392
29 9876415
30 9845909
31 9883983
32 10039216
33 10040035
34 10169180
35 10138136
36 10229237
37 10143340
38 10062477
39 10267276
40 10090389
41 10148325
42 10259881
43 10122631
44 10296245
45 10041639
46 10330042
47 10414390
48 10479412
49 10325987
50 10424329
51 10254110
52 10311784
53 10179258
54 10279227
55 10195482
56 10185104
57 10176693
58 10099312
59 10129545
60 10050451
61 10309137
62 10412326
63 10591796
64 10290167
65 10360415
66 10238324
67 10030222
68 9877663
69 10228429
70 10252651
71 10437025
72 10181909
73 10017639
74 10074662
75 9921404
76 10206119
77 10136181
78 10325086
79 9754982
80 10259418
81 10606711
82 10336810
83 10259902
84 10438507
85 10226567
86 10199902
87 10217633
88 10129187
89 9930917
90 10301809
91 10107927
92 10359656
93 10460311
94 10252980
95 10101039
96 10287093
97 9977203
98 10073793
99 10333491
100 10135020
101 10141508
102 10185744
103 10203008
104 10301917
105 10551177
106 10655260
107 10374218
108 10343858
109 9958938
110 9903764
111 10290699
112 9844313
113 10570448
114 10659725
115 10600307
116 10376598
117 10540942
118 10565330
119 10558033
120 10676377
121 10326675
122 10196079
123 9971593
124 9675970
125 9862231
126 9944323
127 10072647
128 10014743
129 10277522
130 10369676
131 10332380
132 10427785
133 10324843
134 8921844
