0 204798
1 192443
2 201073
3 646904
4 609147
5 641212
6 1445624
7 1427745
8 1342557
9 2472541
10 2348889
11 2398447
12 3239233
13 2468980
14 2599763
15 3245796
16 3502400
17 3848851
18 4376289
19 4408663
20 4776316
21 5426957
22 5916942
23 6192819
24 6706181
25 6925667
26 6984645
27 7388436
28 7461120
29 7683005
30 7693738
31 7669692
32 7536213
33 7447059
34 7333130
35 7286428
36 7261907
37 7206811
38 7160849
39 7287748
40 7255003
41 7339050
42 7666900
43 7648276
44 7500656
45 7429604
46 7336410
47 7181408
48 7376593
49 7296044
50 7176267
51 7514853
52 7107763
53 7128594
54 7248985
55 7275947
56 7431893
57 7515072
58 7432189
59 7415323
60 7584828
61 7453580
62 7382953
63 7549682
64 7447587
65 7338596
66 7581857
67 7482583
68 7621072
69 7743363
70 7511923
71 7479627
72 7497212
73 7511258
74 7532639
75 7700317
76 7506398
77 7400656
78 7374245
79 7201996
80 7386358
81 7388163
82 7372088
83 7290787
84 7477150
85 7251890
86 7330312
87 7189273
88 7196661
89 7382910
90 7475778
91 7315871
92 7330052
93 7476943
94 7345283
95 7334601
96 7503192
97 7279112
98 7274309
99 7222268
100 7159406
101 7184280
102 7242241
103 7095074
104 7235523
105 7161252
106 7265609
107 7247952
108 7395968
109 7368974
110 7470820
111 7361011
112 7406840
113 7537810
114 7530245
115 7394508
116 7318025
117 7401750
118 7467496
119 7285584
120 7527622
121 7447863
122 7360769
123 7345815
124 7507043
125 7589787
126 7661631
127 7725429
128 7594012
129 7455672
130 7415579
131 7240037
132 7424307
133 7433046
134 6394547
