0 205721
1 190747
2 183638
3 675367
4 653880
5 636613
6 1409922
7 1312901
8 1413556
9 2488626
10 2355137
11 2406582
12 2944176
13 2317132
14 2570928
15 3447675
16 3931810
17 4307550
18 4818093
19 5003822
20 5300204
21 5966665
22 6262796
23 6102571
24 6432211
25 6337823
26 6095112
27 6214939
28 6535022
29 6398744
30 6630627
31 6736868
32 6814498
33 6840977
34 6958322
35 7099843
36 7000967
37 7143982
38 7125183
39 6876997
40 7249655
41 7100632
42 6891516
43 7168465
44 7007063
45 6719504
46 6990566
47 7036316
48 6773269
49 7030953
50 6904387
51 6635643
52 6883849
53 6844452
54 6530557
55 7035933
56 6945902
57 6597929
58 6898729
59 6883678
60 6543187
61 6908453
62 7134340
63 6655681
64 7073535
65 7155992
66 6676933
67 7045203
68 6780976
69 6390058
70 6858620
71 6730841
72 6552983
73 6780108
74 6813486
75 6311335
76 6615790
77 6723143
78 6836299
79 6790420
80 6733684
81 6200726
82 6611094
83 6724188
84 6135354
85 6610116
86 6612922
87 6086160
88 6759945
89 6851418
90 6167399
91 6860180
92 6814615
93 6202150
94 6912093
95 6691869
96 6290567
97 6644151
98 6718417
99 6060607
100 6775815
101 6601968
102 6161503
103 6896098
104 6819537
105 6418232
106 6991580
107 7047429
108 6360238
109 7106743
110 6906724
111 7002187
112 6807259
113 6655036
114 6769015
115 6626251
116 6559566
117 6653585
118 6581380
119 6439712
120 6802909
121 6633532
122 6655533
123 6709248
124 6826866
125 6874565
126 7113109
127 6972809
128 6911991
129 7136081
130 7126460
131 6943367
132 7009103
133 6987690
134 5952057
