0 201403
1 176487
2 181783
3 689776
4 681255
5 623439
6 1401012
7 1394904
8 1368543
9 2419871
10 2372073
11 2447087
12 3130466
13 2385732
14 2672712
15 3366330
16 3453768
17 3921305
18 4686540
19 4824684
20 5417524
21 6032494
22 6451735
23 6784587
24 6988289
25 7070128
26 7382141
27 7407535
28 7192839
29 7123710
30 7173544
31 6908538
32 6995066
33 6887690
34 6622133
35 6760302
36 6841502
37 6881749
38 6750877
39 6777185
40 6657657
41 6810781
42 6863448
43 6716038
44 6920488
45 7021523
46 7022277
47 6955529
48 6998702
49 6995922
50 6917372
51 6680819
52 6719119
53 6623873
54 6715158
55 6564537
56 6467396
57 6651160
58 6666406
59 6617939
60 6715260
61 6906584
62 6783844
63 6967348
64 7066102
65 7012221
66 6965345
67 6968591
68 6857521
69 6959394
70 6773504
71 6657283
72 6587972
73 6672315
74 6638455
75 6982008
76 6621223
77 6794401
78 6952026
79 6915563
80 6934543
81 7064563
82 6949076
83 7017014
84 7093011
85 7043656
86 6780484
87 6847753
88 6803257
89 6829313
90 6994123
91 6967939
92 6892596
93 6992286
94 6819015
95 6911968
96 7011525
97 6736372
98 6738560
99 6940902
100 6695897
101 6632944
102 6931135
103 6672532
104 6812471
105 6778366
106 6988028
107 6979116
108 7024348
109 6892091
110 6738299
111 6859968
112 6790834
113 7016824
114 6889038
115 6917149
116 6995647
117 6958997
118 6793884
119 6819642
120 6900638
121 6824639
122 6768343
123 6884692
124 6722960
125 6720116
126 6786711
127 6728765
128 6807563
129 6779120
130 6782511
131 6993923
132 7035952
133 6993475
134 6034509
