0 1266590
1 1155512
2 1113591
3 4054280
4 3871427
5 3850161
6 8389276
7 8333953
8 8251732
9 14515329
10 14244577
11 14460693
12 18432259
13 13662567
14 16256983
15 20829648
16 23738679
17 26773146
18 31202893
19 32832619
20 35667698
21 39659411
22 42222786
23 43267291
24 44807897
25 44994448
26 44612663
27 45012600
28 44603950
29 44296444
30 44711826
31 44717472
32 45063034
33 44980697
34 44803786
35 44841102
36 45042631
37 45123357
38 44996235
39 45232037
40 45095492
41 45216848
42 45622931
43 45650016
44 45559325
45 45370673
46 45419120
47 45265417
48 45562001
49 45300484
50 44936185
51 45009700
52 44946718
53 44816057
54 44791471
55 45054036
56 45181273
57 44983140
58 45035337
59 45033995
60 45143842
61 45600263
62 45629190
63 45655165
64 45770221
65 45691456
66 45599361
67 45326367
68 44893850
69 45248677
70 45169934
71 45159715
72 44818771
73 44746963
74 44961949
75 44847597
76 45115332
77 45296110
78 46129314
79 44981203
80 45617821
81 45658007
82 45422158
83 45521095
84 45515266
85 45266316
86 44888204
87 44344798
88 44796681
89 44607898
90 44854869
91 45256118
92 45235381
93 45169631
94 45190769
95 45035208
96 44927537
97 44667741
98 44913440
99 44653510
100 45030025
101 44563723
102 44296504
103 44897149
104 44974330
105 44805685
106 45603014
107 45420347
108 44933582
109 45031686
110 44885295
111 45464046
112 44674548
113 45708928
114 45844675
115 45575357
116 45503136
117 45737014
118 45301537
119 45270305
120 45949937
121 45296557
122 45090852
123 44873274
124 44646572
125 44834594
126 45435000
127 45336485
128 45261668
129 45479386
130 45339005
131 45382992
132 45610404
133 45607641
134 39388441
