0 205966
1 195262
2 190278
3 693248
4 607283
5 642745
6 1404834
7 1424096
8 1416490
9 2317883
10 2517621
11 2414530
12 2997501
13 2168372
14 2830522
15 3686271
16 4146287
17 4849572
18 5564771
19 5804249
20 6331664
21 7001700
22 7272823
23 7465601
24 7673708
25 7508270
26 7306702
27 7214123
28 7143835
29 7052187
30 7105793
31 7195476
32 7336101
33 7307920
34 7291013
35 7234667
36 7333075
37 7345623
38 7400566
39 7536448
40 7283185
41 7262974
42 7324074
43 7272611
44 7318123
45 7400111
46 7095893
47 7085858
48 7134999
49 6983706
50 6885192
51 6911869
52 7029803
53 7064860
54 7012943
55 6915792
56 7023536
57 7088443
58 6966730
59 7090331
60 7285701
61 7120752
62 7123780
63 7058747
64 7028031
65 6798898
66 6910551
67 6759336
68 6824354
69 6863306
70 6756574
71 6775821
72 6886541
73 6810613
74 6937909
75 7059205
76 7214406
77 7190381
78 7489286
79 7320821
80 7421246
81 7433957
82 7448816
83 7444932
84 7392560
85 7253453
86 7142655
87 7100906
88 7149033
89 6980895
90 7154771
91 7153794
92 6942491
93 7210503
94 6898171
95 7118426
96 6984592
97 7011368
98 7113319
99 7099288
100 7066419
101 6935601
102 6911891
103 7114141
104 7008155
105 7105032
106 7001129
107 7066721
108 7186116
109 7041153
110 7129798
111 7386671
112 7285695
113 7197697
114 7348977
115 7376172
116 7285063
117 7425747
118 7241663
119 7294414
120 7316574
121 7386424
122 7354887
123 7431754
124 7355889
125 7218844
126 7426435
127 7312217
128 7281502
129 7213827
130 6914976
131 6953019
132 7060768
133 7002694
134 6022995
