0 225547
1 199716
2 193852
3 688650
4 645152
5 650702
6 1439838
7 1322669
8 1378268
9 2408341
10 2308618
11 2525847
12 3175041
13 2260730
14 2696567
15 3252587
16 3832175
17 3879927
18 4494962
19 4704278
20 4951084
21 5331555
22 5690587
23 6023300
24 6143312
25 6121289
26 6277227
27 6353453
28 6149742
29 6162383
30 6262215
31 6322915
32 6341940
33 6457016
34 6430008
35 6321726
36 6375943
37 6401852
38 6496283
39 6486383
40 6559603
41 6555086
42 6617112
43 6721995
44 6516750
45 6758292
46 6643932
47 6591916
48 6799026
49 6667872
50 6628638
51 7012406
52 6894400
53 6975020
54 7004601
55 7066345
56 7127442
57 6953843
58 6971971
59 6897179
60 6964415
61 6901757
62 6791947
63 6831911
64 6864799
65 7025334
66 7226351
67 7040432
68 6932264
69 7064127
70 7016662
71 7079118
72 7112154
73 6955030
74 6964798
75 6873328
76 6951396
77 7051348
78 7152372
79 6997421
80 6882572
81 6963887
82 6704274
83 6784272
84 6978684
85 6880634
86 6821929
87 6903073
88 6758598
89 6632445
90 6760989
91 6850407
92 6895971
93 6827438
94 6963227
95 6877305
96 6850568
97 7019535
98 6995042
99 6996954
100 7197468
101 7067422
102 6863990
103 6916296
104 6796727
105 6791626
106 6701408
107 6704911
108 6623054
109 6663787
110 6735890
111 6563510
112 6539607
113 6731113
114 6647675
115 6660970
116 6968237
117 6755993
118 6651784
119 6872920
120 6725817
121 6677424
122 6755241
123 6530172
124 6557844
125 6569051
126 6502791
127 6524618
128 6651857
129 6617164
130 6729803
131 6920266
132 6652489
133 6865893
134 6062489
