0 3893948
1 3392237
2 3328000
3 7493488
4 7062891
5 7081387
6 7548110
7 6901483
8 7016240
9 7285549
10 7006300
11 6905026
12 7381244
13 6925859
14 6871660
15 7077463
16 6895660
17 6861602
18 7456353
19 6836919
20 6855523
21 7134094
22 6865198
23 6805251
24 7373051
25 6860246
26 6907771
27 7144804
28 6814726
29 6903504
30 7388568
31 6837072
32 6873549
33 7192121
34 6693083
35 6856164
36 7354598
37 6939009
38 6918046
39 6986567
40 6930267
41 6842777
42 7221157
43 6867864
44 6768813
45 7044777
46 6919063
47 6921060
48 7350668
49 6827508
50 6775036
51 7022436
52 6838399
53 6837163
54 7293100
55 6909917
56 6925799
57 6964201
58 6901312
59 6867098
60 7216947
61 6815564
62 5768299
