0 390820
1 273751
2 296239
3 697064
4 656291
5 665649
6 679860
7 615591
8 590326
9 604530
10 604920
11 641539
12 631160
13 637767
14 659351
15 655342
16 635051
17 660853
18 652491
19 640737
20 644118
21 658582
22 627417
23 634325
24 693324
25 647800
26 618188
27 691865
28 570295
29 662231
30 670263
31 646385
32 664944
33 639937
34 589199
35 591398
36 671332
37 639359
38 594832
39 670613
40 578005
41 637486
42 617884
43 656517
44 585636
45 672444
46 694743
47 674866
48 667640
49 672268
50 604902
51 625902
52 611853
53 648473
54 636877
55 660359
56 619707
57 623587
58 658658
59 625766
60 679146
61 644185
62 529740
