0 299843
1 332119
2 295671
3 705633
4 652916
5 618528
6 635797
7 638720
8 673985
9 650365
10 596044
11 631967
12 683848
13 581971
14 587187
15 602065
16 583832
17 568974
18 651065
19 588429
20 575714
21 621089
22 586386
23 608458
24 676744
25 639009
26 619517
27 613967
28 575554
29 602249
30 643676
31 520215
32 547923
33 619000
34 624116
35 584142
36 663977
37 594651
38 628992
39 597371
40 605010
41 630329
42 670637
43 599645
44 544084
45 619794
46 607062
47 591862
48 631641
49 644717
50 610798
51 552774
52 552038
53 601365
54 680146
55 619701
56 646711
57 619212
58 589780
59 612591
60 612985
61 569274
62 542634
