0 378872
1 326397
2 317092
3 740034
4 607927
5 660307
6 687639
7 640729
8 611637
9 698752
10 679681
11 683187
12 656427
13 597609
14 666386
15 644626
16 628635
17 613916
18 688180
19 622540
20 608099
21 669496
22 627968
23 627131
24 652008
25 626815
26 609737
27 613436
28 638109
29 594769
30 655368
31 623418
32 648191
33 628182
34 618907
35 687064
36 698377
37 658557
38 579869
39 604198
40 648629
41 613853
42 625684
43 591527
44 599988
45 668320
46 669614
47 621745
48 633949
49 618642
50 633354
51 649112
52 620740
53 676822
54 677547
55 623139
56 638960
57 622705
58 620788
59 634812
60 701226
61 608768
62 533033
