0 329305
1 332633
2 297531
3 619164
4 632971
5 648990
6 675356
7 636019
8 620307
9 578432
10 645657
11 635940
12 645058
13 625123
14 615386
15 646107
16 614543
17 620174
18 674559
19 601821
20 613990
21 617742
22 594490
23 597509
24 644861
25 635647
26 605521
27 609897
28 607539
29 635235
30 666057
31 585980
32 621555
33 593841
34 580271
35 606562
36 597061
37 631037
38 615043
39 651504
40 635107
41 575507
42 645773
43 611847
44 630173
45 650643
46 561908
47 614992
48 669104
49 629486
50 603029
51 625179
52 600298
53 629610
54 609874
55 635819
56 592102
57 645396
58 574242
59 569694
60 611603
61 553961
62 557977
