0 360171
1 297846
2 309078
3 679880
4 626087
5 621096
6 657610
7 658402
8 632644
9 695626
10 654566
11 651617
12 681966
13 663122
14 594862
15 626859
16 604484
17 671306
18 624571
19 663474
20 685889
21 644885
22 654499
23 616662
24 643608
25 642262
26 676179
27 681582
28 667119
29 625546
30 633098
31 662056
32 672758
33 678863
34 626380
35 618409
36 686199
37 571528
38 612126
39 684612
40 606564
41 632317
42 649619
43 672823
44 627648
45 643665
46 650568
47 637463
48 676210
49 652944
50 653668
51 611277
52 679607
53 610438
54 712185
55 653645
56 639765
57 616712
58 628105
59 647907
60 631593
61 639479
62 534281
