0 347569
1 307067
2 293390
3 733235
4 639412
5 644274
6 696469
7 562717
8 640653
9 625994
10 578885
11 577360
12 676614
13 592218
14 628950
15 661777
16 625693
17 605448
18 725014
19 636706
20 612902
21 612472
22 602983
23 575057
24 619527
25 575234
26 596290
27 657826
28 638539
29 582092
30 633805
31 634104
32 560546
33 656014
34 556472
35 602396
36 645732
37 576539
38 631081
39 628274
40 566520
41 604273
42 721305
43 590179
44 591604
45 602542
46 554508
47 588978
48 694474
49 609199
50 594034
51 666980
52 613457
53 617060
54 633142
55 619399
56 607517
57 642907
58 629362
59 597481
60 679719
61 608287
62 443628
