0 354953
1 309228
2 307391
3 625165
4 619119
5 564263
6 699441
7 557545
8 612224
9 659567
10 630659
11 576462
12 667257
13 617916
14 612531
15 652021
16 582795
17 552847
18 628871
19 605372
20 588472
21 603420
22 601489
23 573236
24 679369
25 537229
26 628587
27 585529
28 567974
29 612745
30 635093
31 636239
32 612846
33 672406
34 635697
35 588153
36 619346
37 640588
38 638444
39 644146
40 630883
41 615650
42 623683
43 601081
44 622565
45 589224
46 637904
47 619725
48 630700
49 556707
50 537888
51 673021
52 605732
53 598646
54 646588
55 644596
56 596966
57 635210
58 611487
59 608797
60 626627
61 588462
62 449803
