0 330231
1 260352
2 294523
3 606160
4 610692
5 590932
6 648063
7 611529
8 636770
9 681534
10 600538
11 609807
12 622186
13 627289
14 601397
15 566774
16 619439
17 618695
18 692551
19 557188
20 599200
21 674281
22 600502
23 641447
24 643512
25 585135
26 602316
27 664565
28 648415
29 626940
30 701881
31 615269
32 608138
33 653060
34 576666
35 627631
36 714488
37 643133
38 655926
39 613711
40 620877
41 644720
42 621764
43 595052
44 613826
45 626966
46 548056
47 641773
48 629745
49 577909
50 603940
51 636287
52 605282
53 605239
54 638439
55 601372
56 603232
57 611579
58 644193
59 594996
60 684424
61 590310
62 530720
