0 373359
1 310101
2 303747
3 646369
4 646564
5 652937
6 722729
7 643232
8 660175
9 697176
10 659417
11 593861
12 671490
13 662937
14 639705
15 670268
16 675642
17 622597
18 669772
19 619096
20 603642
21 659593
22 630515
23 638850
24 700071
25 646332
26 625312
27 679270
28 572080
29 634717
30 723489
31 603819
32 649365
33 639277
34 593404
35 608181
36 680729
37 650138
38 653237
39 628464
40 672648
41 612870
42 660483
43 604673
44 659720
45 630185
46 646219
47 593866
48 740658
49 579034
50 618965
51 647246
52 595702
53 549824
54 655956
55 618803
56 638033
57 608808
58 628606
59 665520
60 614722
61 659644
62 573103
