0 339430
1 303519
2 280538
3 691435
4 664623
5 706272
6 690335
7 646851
8 635895
9 665018
10 655303
11 612783
12 707114
13 627321
14 578739
15 643878
16 635980
17 640632
18 703644
19 617864
20 637945
21 659125
22 652429
23 612051
24 682722
25 638758
26 635347
27 632387
28 647629
29 636630
30 686981
31 625880
32 599928
33 692329
34 622663
35 656612
36 641897
37 639578
38 616691
39 565017
40 672997
41 591494
42 662209
43 657734
44 616688
45 636516
46 656575
47 643684
48 641480
49 603851
50 636954
51 632414
52 669850
53 615970
54 673036
55 542092
56 650226
57 641665
58 625960
59 622824
60 653207
61 671638
62 496550
