0 3504553
1 3053013
2 2995200
3 6744139
4 6356602
5 6373248
6 6793299
7 6211335
8 6314616
9 6556994
10 6305670
11 6214523
12 6643120
13 6233273
14 6184494
15 6369717
16 6206094
17 6175442
18 6710718
19 6153227
20 6169971
21 6420685
22 6178678
23 6124726
24 6635746
25 6174221
26 6216994
27 6430324
28 6133253
29 6213154
30 6649711
31 6153365
32 6186194
33 6472909
34 6023775
35 6170548
36 6619138
37 6245108
38 6226241
39 6287910
40 6237240
41 6158499
42 6499041
43 6181078
44 6091932
45 6340299
46 6227157
47 6228954
48 6615601
49 6144757
50 6097532
51 6320192
52 6154559
53 6153447
54 6563790
55 6218925
56 6233219
57 6267781
58 6211181
59 6180388
60 6495252
61 6134008
62 5191469
