0 4220713
1 3500147
2 3488170
3 13448202
4 12776643
5 12376977
6 23242626
7 21661709
8 21830377
9 22756001
10 22153559
11 21847970
12 23274279
13 21808270
14 21759998
15 22579014
16 21488158
17 21783853
18 23159953
19 21544884
20 21787190
21 22499182
22 21557212
23 21764290
24 22735054
25 21604154
26 21912346
27 22674982
28 21587211
29 21525780
30 22783833
31 21739076
32 21501280
33 22269088
34 21617858
35 21864578
36 22915050
37 21496846
38 21450102
39 22096204
40 21519960
41 21787301
42 23253518
43 21771712
44 21486496
45 22390767
46 21603447
47 21591969
48 22735054
49 21526408
50 21743582
51 22330334
52 21625011
53 21286493
54 22849434
55 21728790
56 21491901
57 22083529
58 21135258
59 21609514
60 22769840
61 21269354
62 21253663
63 22571401
64 21558737
65 16810979
