0 401835
1 317391
2 320710
3 1282982
4 1083889
5 1174001
6 2187780
7 1982017
8 2029125
9 1947418
10 2057659
11 1908369
12 2039641
13 2079670
14 1944187
15 1998897
16 1941883
17 1924026
18 2168401
19 1957039
20 1920652
21 2017201
22 1929245
23 1875769
24 2078536
25 2004080
26 1887122
27 2054213
28 1974911
29 1874952
30 2046192
31 2202976
32 1767226
33 2070094
34 1952739
35 2040496
36 1968121
37 1904731
38 1945047
39 2084230
40 2018478
41 1981740
42 2072889
43 1855839
44 1956699
45 2067898
46 1956954
47 2053460
48 2079182
49 1994685
50 2002903
51 2040824
52 1942833
53 1828562
54 2016642
55 1918056
56 1918062
57 1940299
58 1926182
59 1934559
60 2124614
61 1938536
62 2114174
63 2104872
64 1867845
65 1517731
