0 389523
1 317443
2 368219
3 1165952
4 1208813
5 1113656
6 2065897
7 1942664
8 1984245
9 2000198
10 1966695
11 1818799
12 2217419
13 1975330
14 1883906
15 1981316
16 1937563
17 1897961
18 2116064
19 1856529
20 2038220
21 2029814
22 1910098
23 1997621
24 1994717
25 1983939
26 1956451
27 2085229
28 1885062
29 1963523
30 2038719
31 1974326
32 1971926
33 2052056
34 1931888
35 1871823
36 1978443
37 1929509
38 1874829
39 2047952
40 1876528
41 1886186
42 2136944
43 2037732
44 1904675
45 2002208
46 1934591
47 1768182
48 2008948
49 1986559
50 2026173
51 1979076
52 2007319
53 1908457
54 2054775
55 1978442
56 1885843
57 1936557
58 2125338
59 1855209
60 1939179
61 1990266
62 1837487
63 2075334
64 1957892
65 1420738
