0 372485
1 320544
2 310233
3 1250308
4 1190569
5 1036267
6 2071825
7 1909961
8 2065693
9 2130374
10 2052448
11 2082922
12 2134270
13 1955586
14 2014399
15 2080727
16 1947091
17 2054784
18 2140941
19 1961180
20 2018434
21 1968891
22 1903077
23 2053318
24 2052888
25 1962685
26 2045118
27 1965697
28 2020265
29 1889325
30 2047142
31 1860786
32 1897056
33 1949241
34 1993894
35 2021985
36 2035920
37 1917434
38 1881011
39 2015677
40 2001208
41 1989467
42 2071943
43 1991330
44 1915843
45 1948901
46 1977781
47 1905988
48 2074603
49 1924167
50 1935207
51 1973504
52 1954349
53 1820233
54 2087536
55 1986359
56 2007214
57 1989073
58 1936570
59 1936968
60 2058151
61 2081812
62 1841220
63 2006076
64 1874967
65 1504993
