0 374799
1 308192
2 317978
3 1275259
4 1082957
5 1158457
6 2105514
7 1957903
8 2009450
9 2028551
10 1934936
11 2005711
12 2020318
13 1927143
14 1993872
15 1984701
16 1925046
17 1950117
18 2047091
19 2018566
20 1885170
21 2070302
22 1965735
23 1932743
24 2020619
25 1901410
26 2100189
27 2102178
28 1877506
29 1997491
30 2090912
31 1885941
32 1953906
33 2080281
34 1852007
35 1945652
36 2181620
37 1928622
38 1961832
39 1933570
40 1939715
41 2032689
42 2280928
43 1916008
44 1918307
45 1985067
46 2013975
47 2035407
48 2079720
49 2063193
50 1943773
51 1992890
52 2018026
53 1820725
54 2018681
55 1957857
56 1933925
57 1971652
58 1929195
59 1989315
60 2051596
61 1777429
62 1945517
63 2087728
64 1835094
65 1561796
