0 384805
1 318089
2 321482
3 1230766
4 1078672
5 1060231
6 2152143
7 2072667
8 2061361
9 2114297
10 2022405
11 2005195
12 2080850
13 1940469
14 2219621
15 2028246
16 1971287
17 1996738
18 2115407
19 1964196
20 2063150
21 1996738
22 1987583
23 1951882
24 2097681
25 1843867
26 1911764
27 2031190
28 1920691
29 1913641
30 2153978
31 1956236
32 1954666
33 1922081
34 1952305
35 1798107
36 2258385
37 1989282
38 1871467
39 1995099
40 1975441
41 1937379
42 1950357
43 2043650
44 1946646
45 2031085
46 1908565
47 1884391
48 2037767
49 1942397
50 1981232
51 2002888
52 1954770
53 2082663
54 2119282
55 2076363
56 1863228
57 1957591
58 1872468
59 1892021
60 2056732
61 1812062
62 1894778
63 1965125
64 1950027
65 1533230
