0 365951
1 304189
2 304066
3 1145802
4 1191318
5 1133575
6 2027329
7 1785590
8 1924854
9 2074194
10 2011849
11 1995674
12 2039278
13 1888214
14 1850802
15 2049150
16 1901834
17 1964586
18 1949762
19 1909137
20 2008526
21 2106638
22 1855272
23 2030443
24 2122159
25 1906373
26 1938377
27 2022199
28 1896314
29 2003957
30 2092664
31 1901302
32 2027525
33 2033856
34 1908181
35 1882705
36 1996103
37 1953145
38 1983802
39 2065388
40 1901843
41 2006562
42 2188920
43 2019288
44 1847392
45 2078453
46 2007550
47 2001639
48 2075772
49 1856822
50 1880924
51 1968142
52 1914158
53 1866012
54 2142378
55 1835092
56 1904367
57 2088937
58 1814547
59 1945609
60 2078011
61 2036387
62 1970314
63 2092464
64 2012602
65 1512938
