0 386792
1 302505
2 304319
3 1241379
4 1152786
5 1085162
6 2060665
7 1925499
8 1925124
9 1960097
10 1923258
11 2043954
12 2099974
13 1974052
14 1950418
15 2107308
16 1753264
17 1912040
18 2057775
19 1938600
20 1962406
21 1985392
22 1976674
23 1999136
24 1963886
25 2007751
26 1958707
27 2082780
28 1875895
29 1869665
30 1938762
31 1976492
32 1932051
33 1889626
34 1892044
35 2096392
36 2097857
37 1815245
38 1936075
39 1901271
40 1908059
41 2006926
42 2078409
43 1953217
44 1925925
45 2022727
46 2108835
47 1974422
48 1933692
49 1957995
50 1968337
51 2105933
52 1827477
53 1987088
54 2036814
55 1920385
56 1919921
57 1989631
58 1836394
59 2006572
60 2046513
61 1923458
62 1984983
63 1865252
64 2039029
65 1479101
