0 3798642
1 3150132
2 3139353
3 12103382
4 11498979
5 11139279
6 20918363
7 19495538
8 19647339
9 20480401
10 19938203
11 19663173
12 20946851
13 19627443
14 19583998
15 20321113
16 19339342
17 19605468
18 20843958
19 19390396
20 19608471
21 20249264
22 19401491
23 19587861
24 20461549
25 19443739
26 19721111
27 20407484
28 19428490
29 19373202
30 20505450
31 19565168
32 19351152
33 20042179
34 19456072
35 19678120
36 20623545
37 19347161
38 19305092
39 19886584
40 19367964
41 19608571
42 20928166
43 19594541
44 19337846
45 20151690
46 19443102
47 19432772
48 20461549
49 19373767
50 19569224
51 20097301
52 19462510
53 19157844
54 20564491
55 19555911
56 19342711
57 19875176
58 19021732
59 19448563
60 20492856
61 19142419
62 19128297
63 20314261
64 19402863
65 15129881
