0 336994
1 312062
2 316742
3 1173030
4 1145233
5 1138189
6 2100673
7 2138484
8 1856437
9 2010750
10 1893288
11 1892149
12 2061490
13 1882362
14 1928841
15 2147118
16 2026456
17 1937117
18 2222786
19 1909995
20 1929986
21 2075860
22 1833424
23 1830401
24 2038638
25 1989014
26 1922191
27 2026865
28 2029023
29 1930568
30 2092656
31 2000985
32 1989630
33 1998390
34 1972501
35 2050281
36 2032080
37 2036164
38 1964349
39 1879612
40 1906855
41 1992003
42 1998981
43 1914859
44 1923083
45 2098864
46 1853785
47 1888372
48 2153924
49 1897473
50 2021119
51 2024300
52 1914930
53 1948886
54 2159929
55 1897830
56 2047209
57 2070702
58 1838694
59 1911580
60 2054235
61 1767517
62 1814190
63 2179243
64 1953755
65 1537040
