0 376396
1 336005
2 289543
3 1201635
4 1176720
5 1118940
6 2099500
7 1944051
8 1872271
9 2088189
10 2111222
11 1882654
12 2191832
13 1993738
14 1875510
15 2003728
16 1992407
17 1871141
18 2048430
19 2012577
20 1927499
21 1941047
22 2075553
23 1941668
24 2054466
25 1825468
26 2033314
27 2091369
28 1993176
29 2070281
30 2041856
31 1856952
32 1902725
33 2051247
34 2083677
35 1976286
36 2065955
37 1925519
38 1958728
39 1996629
40 1844326
41 1907366
42 2121564
43 1969753
44 1956651
45 1971074
46 1793025
47 2002749
48 2052565
49 1870544
50 1836522
51 2015859
52 1971949
53 2000124
54 1975930
55 1996600
56 1934397
57 1906245
58 1985132
59 1996015
60 2039600
61 1885024
62 1924657
63 1970819
64 1927864
65 1526268
