0 409062
1 313712
2 286061
3 1136269
4 1188022
5 1120801
6 2047037
7 1836702
8 1918779
9 2126333
10 1964443
11 2027746
12 2061779
13 2010879
14 1922442
15 1939922
16 1942511
17 2096958
18 1977301
19 1862577
20 1854428
21 2057381
22 1964830
23 1974880
24 2037959
25 2019152
26 1967878
27 1945764
28 1955647
29 1859799
30 1962569
31 1949172
32 1954441
33 1995307
34 1916836
35 1994393
36 2009061
37 1947510
38 1927952
39 1967156
40 1995511
41 1868253
42 2027231
43 1892865
44 2042625
45 1945413
46 1888041
47 1918162
48 1965376
49 1879932
50 1973034
51 1993885
52 1956699
53 1895094
54 1952524
55 1988927
56 1928545
57 2024489
58 1757212
59 1980715
60 2044225
61 1929928
62 1800977
63 1967348
64 1983788
65 1536046
