0 61477
1 55322
2 51016
3 48461
4 50189
5 50839
6 51454
7 50691
8 45223
9 45499
10 51391
11 52840
12 46183
13 50934
14 40453
15 46621
16 45744
17 45822
18 53358
19 51360
20 48495
21 53595
22 49828
23 54751
24 58381
25 57441
26 51420
27 44887
28 50332
29 50719
30 50611
31 51293
32 47851
33 49050
34 48888
35 54992
36 52172
37 48479
38 51483
39 47778
40 53370
41 53388
42 52253
43 43407
44 47448
45 52867
46 52889
47 49080
48 50639
49 46938
50 42915
51 50039
52 51203
53 49973
54 58516
55 48000
56 48505
57 44646
58 47255
59 54844
60 57348
61 46764
62 51205
63 52590
64 47927
65 52608
66 47598
67 49171
68 49505
69 42746
70 50207
71 43672
72 52384
73 44278
74 49502
75 51737
76 44477
77 48790
78 46319
79 48668
80 52169
81 49092
82 52416
83 49095
84 49503
85 48013
86 51051
87 49878
88 52494
89 48944
90 60647
91 49922
92 54035
93 55049
94 52206
95 50042
96 53618
97 44963
98 50792
99 50324
100 52938
101 48071
102 50657
103 50289
104 49156
105 50547
106 44892
107 49275
108 51470
109 50523
110 50066
111 55777
112 47739
113 57316
114 54212
115 54137
116 51786
117 54172
118 50676
119 41698
