0 66049
1 53612
2 47960
3 49447
4 52230
5 46411
6 52045
7 53374
8 42233
9 47273
10 54307
11 50533
12 48477
13 51388
14 40177
15 48779
16 42982
17 46232
18 56961
19 51304
20 52610
21 53434
22 50017
23 54055
24 59022
25 57895
26 52125
27 47326
28 49160
29 48977
30 50815
31 52614
32 43996
33 48336
34 50895
35 52245
36 53224
37 45687
38 50589
39 54946
40 52266
41 53754
42 46163
43 43669
44 46869
45 51071
46 56557
47 49853
48 52173
49 43286
50 45850
51 48161
52 52470
53 50401
54 54049
55 49036
56 45524
57 45815
58 44991
59 58059
60 55912
61 45264
62 51410
63 49675
64 49270
65 51390
66 45005
67 48398
68 48474
69 43045
70 48729
71 43932
72 56615
73 44348
74 47937
75 50491
76 43788
77 48646
78 48932
79 48588
80 49935
81 51914
82 51222
83 46202
84 53913
85 46615
86 52950
87 49467
88 51239
89 52542
90 58123
91 47899
92 55700
93 53825
94 53481
95 51619
96 53229
97 44054
98 50053
99 51417
100 55479
101 51890
102 52727
103 50031
104 49056
105 51306
106 43210
107 50907
108 51379
109 48793
110 54094
111 54749
112 49843
113 52815
114 56698
115 54973
116 47491
117 52886
118 53388
119 35989
