0 398712
1 317293
2 306901
3 1227594
4 1095947
5 1139839
6 2518194
7 2336508
8 2491746
9 2459833
10 2341768
11 2430378
12 2504419
13 2411291
14 2282267
15 2456739
16 2414383
17 2418060
18 2506865
19 2333073
20 2405358
21 2518618
22 2305516
23 2287948
24 2408935
25 2560837
26 2424696
27 2520434
28 2359313
29 2439756
30 2414983
31 2462988
32 2410004
33 2461418
34 2337513
35 2357565
36 2568510
37 2463286
38 2546537
39 2474636
40 2263586
41 2402104
42 2514814
43 2488634
44 2396719
45 2382612
46 2390304
47 2344076
48 2547628
49 2425164
50 2468520
51 2378063
52 2423940
53 2425809
54 2555908
55 2548337
56 2371989
57 2448744
58 2383595
59 2322036
60 2509844
61 2350728
62 2427276
63 2496291
64 2367764
65 2297151
66 2377540
67 2330933
68 2233967
69 2389661
70 2224339
71 2381056
72 2595311
73 2461497
74 2148693
75 2481846
76 2445260
77 2301721
78 2475368
79 2322733
80 2249009
81 2507321
82 2296811
83 2471906
84 2519301
85 2387463
86 2289528
87 2379128
88 2359111
89 2239962
90 2573496
91 2380102
92 2351965
93 2412292
94 2445730
95 2271389
96 2592711
97 2447584
98 2286674
99 2512537
100 2321305
101 2307527
102 2530941
103 2330706
104 2450773
105 2446668
106 2338437
107 2389207
108 2570473
109 2390656
110 2387651
111 2562772
112 2379540
113 2476154
114 2535526
115 2320963
116 2391074
117 2550771
118 2262620
119 2344480
120 2483731
121 2406435
122 2367412
123 2486643
124 2508046
125 2299746
126 2485367
127 2461398
128 1873143
