0 356662
1 324301
2 322210
3 1161637
4 1077011
5 1035353
6 2608318
7 2490196
8 2495878
9 2524265
10 2587354
11 2358327
12 2675213
13 2251027
14 2376368
15 2433430
16 2532784
17 2370950
18 2587241
19 2525297
20 2287262
21 2475784
22 2281582
23 2298858
24 2706167
25 2432627
26 2410089
27 2448218
28 2487370
29 2402488
30 2540858
31 2435904
32 2375227
33 2490555
34 2366194
35 2471369
36 2498922
37 2382176
38 2355573
39 2524946
40 2512307
41 2435109
42 2515751
43 2405852
44 2313772
45 2615821
46 2314698
47 2296120
48 2438555
49 2518572
50 2244862
51 2522137
52 2442412
53 2327630
54 2437634
55 2415695
56 2385206
57 2488704
58 2423317
59 2395855
60 2570256
61 2432343
62 2303157
63 2637000
64 2372832
65 2337872
66 2696463
67 2280383
68 2464525
69 2508114
70 2326423
71 2415331
72 2568633
73 2407275
74 2232632
75 2414459
76 2363240
77 2437142
78 2447163
79 2319287
80 2383449
81 2446450
82 2376787
83 2321823
84 2521173
85 2236815
86 2426306
87 2480474
88 2393225
89 2422646
90 2574238
91 2352839
92 2356134
93 2441102
94 2262106
95 2390319
96 2573171
97 2356995
98 2399665
99 2549967
100 2406566
101 2471764
102 2640756
103 2294865
104 2469914
105 2410310
106 2414876
107 2336477
108 2439426
109 2378117
110 2319131
111 2385600
112 2303505
113 2422925
114 2509724
115 2482059
116 2439690
117 2536365
118 2429508
119 2417681
120 2520216
121 2346681
122 2380428
123 2326737
124 2380831
125 2550621
126 2602363
127 2328184
128 1800253
