0 372634
1 308751
2 345694
3 1260046
4 1109827
5 1139529
6 2500279
7 2378090
8 2358225
9 2482173
10 2304755
11 2510064
12 2584750
13 2431119
14 2487722
15 2508998
16 2425401
17 2489100
18 2612136
19 2427736
20 2435200
21 2449155
22 2383929
23 2342474
24 2494766
25 2332433
26 2344151
27 2550912
28 2408797
29 2356651
30 2519474
31 2494046
32 2244029
33 2415468
34 2441628
35 2379298
36 2462674
37 2254112
38 2178752
39 2441645
40 2328158
41 2508782
42 2558903
43 2379186
44 2404510
45 2412249
46 2398721
47 2421152
48 2605496
49 2287911
50 2311803
51 2514989
52 2331663
53 2384364
54 2653225
55 2406657
56 2433550
57 2363361
58 2425096
59 2516832
60 2592485
61 2448934
62 2423070
63 2553610
64 2356248
65 2473247
66 2581104
67 2341664
68 2358310
69 2388691
70 2441227
71 2323301
72 2434629
73 2335347
74 2329580
75 2474685
76 2333625
77 2409055
78 2464426
79 2260709
80 2424070
81 2443269
82 2411455
83 2363090
84 2588134
85 2406355
86 2457862
87 2351655
88 2357233
89 2329277
90 2637696
91 2495623
92 2398065
93 2513558
94 2477292
95 2457960
96 2515493
97 2391863
98 2361344
99 2401142
100 2273628
101 2323939
102 2477736
103 2300351
104 2292392
105 2595723
106 2304374
107 2426923
108 2501239
109 2427501
110 2340833
111 2461356
112 2319830
113 2367748
114 2418137
115 2400172
116 2432199
117 2285906
118 2515516
119 2356068
120 2506664
121 2464080
122 2435024
123 2457196
124 2174946
125 2282646
126 2581503
127 2345926
128 1806909
