0 389803
1 351321
2 277602
3 1302291
4 1159828
5 1119200
6 2613148
7 2307985
8 2354400
9 2433288
10 2450342
11 2296352
12 2504347
13 2258976
14 2501899
15 2465669
16 2291894
17 2470941
18 2497516
19 2323868
20 2394526
21 2477619
22 2363170
23 2221104
24 2507354
25 2433253
26 2429098
27 2533889
28 2301796
29 2384157
30 2678293
31 2353493
32 2694740
33 2503788
34 2144560
35 2253555
36 2611370
37 2312482
38 2323816
39 2474233
40 2274136
41 2358509
42 2534725
43 2340362
44 2480604
45 2501416
46 2410240
47 2297917
48 2648976
49 2386432
50 2377236
51 2562775
52 2246978
53 2401728
54 2435660
55 2309630
56 2367560
57 2510796
58 2399981
59 2302248
60 2503114
61 2315961
62 2440509
63 2411682
64 2303826
65 2360272
66 2428021
67 2408504
68 2238032
69 2390795
70 2448515
71 2329194
72 2593659
73 2371783
74 2446853
75 2470012
76 2187375
77 2385656
78 2494179
79 2467579
80 2411741
81 2500170
82 2508051
83 2430612
84 2529525
85 2353463
86 2514642
87 2555451
88 2254747
89 2347800
90 2444360
91 2403090
92 2433044
93 2495801
94 2470064
95 2368040
96 2495904
97 2297918
98 2380536
99 2374858
100 2539538
101 2313695
102 2593864
103 2236492
104 2539916
105 2520899
106 2378246
107 2332506
108 2475416
109 2404671
110 2412971
111 2525277
112 2368419
113 2195899
114 2540880
115 2524455
116 2430379
117 2518900
118 2303721
119 2270257
120 2588123
121 2231300
122 2365806
123 2458406
124 2389727
125 2338812
126 2471645
127 2420444
128 1784981
