0 361126
1 325958
2 319796
3 1220683
4 1062851
5 1161430
6 2569809
7 2473220
8 2341546
9 2569608
10 2353096
11 2517095
12 2425100
13 2391786
14 2498097
15 2523012
16 2309557
17 2339420
18 2555004
19 2424684
20 2324407
21 2417189
22 2273278
23 2346538
24 2418433
25 2354879
26 2328668
27 2452340
28 2206246
29 2257622
30 2537340
31 2377842
32 2319732
33 2620763
34 2310359
35 2317559
36 2558329
37 2442629
38 2282898
39 2365875
40 2206247
41 2339341
42 2537467
43 2433614
44 2372077
45 2452269
46 2419919
47 2376978
48 2590537
49 2349399
50 2377331
51 2344096
52 2275755
53 2622418
54 2551659
55 2399631
56 2487626
57 2406716
58 2227478
59 2372954
60 2352692
61 2515309
62 2331918
63 2245888
64 2308650
65 2351128
66 2339043
67 2394710
68 2337775
69 2459845
70 2496343
71 2321397
72 2445435
73 2419048
74 2346969
75 2550595
76 2380673
77 2517576
78 2514725
79 2390304
80 2412835
81 2449706
82 2379168
83 2427395
84 2713166
85 2432796
86 2314505
87 2444280
88 2421839
89 2309366
90 2462122
91 2490512
92 2365290
93 2388175
94 2421361
95 2338166
96 2447609
97 2376785
98 2290731
99 2469918
100 2478230
101 2400326
102 2572044
103 2410796
104 2388567
105 2495588
106 2402540
107 2359413
108 2647114
109 2410832
110 2407730
111 2414124
112 2418768
113 2382943
114 2467888
115 2246737
116 2249503
117 2415545
118 2488390
119 2300044
120 2529183
121 2281462
122 2348502
123 2557701
124 2332451
125 2372745
126 2605026
127 2268504
128 1867560
