0 328222
1 319015
2 304031
3 1231230
4 1163185
5 1149859
6 2429244
7 2462690
8 2292971
9 2519890
10 2270182
11 2518576
12 2612093
13 2518697
14 2445482
15 2527927
16 2434955
17 2193773
18 2782586
19 2497332
20 2385450
21 2484633
22 2387927
23 2385871
24 2591130
25 2212925
26 2352409
27 2542690
28 2326979
29 2451711
30 2576721
31 2367427
32 2356722
33 2419264
34 2495378
35 2362229
36 2571479
37 2425613
38 2412696
39 2496948
40 2433282
41 2380337
42 2572747
43 2369829
44 2304816
45 2352567
46 2384792
47 2373096
48 2494033
49 2322642
50 2293329
51 2340141
52 2464889
53 2343516
54 2547805
55 2231039
56 2461210
57 2340333
58 2462944
59 2429296
60 2630489
61 2411476
62 2203298
63 2373247
64 2465734
65 2404014
66 2405522
67 2368694
68 2339529
69 2483140
70 2515898
71 2370851
72 2438618
73 2213893
74 2420231
75 2318777
76 2439913
77 2331690
78 2485366
79 2483908
80 2473428
81 2563979
82 2261107
83 2226979
84 2588982
85 2343248
86 2369868
87 2597200
88 2472864
89 2335509
90 2551868
91 2155530
92 2245403
93 2533551
94 2438402
95 2509419
96 2505421
97 2427779
98 2350982
99 2406665
100 2413218
101 2302112
102 2398509
103 2463243
104 2339998
105 2446117
106 2345911
107 2431320
108 2496087
109 2511320
110 2433241
111 2432204
112 2365906
113 2404621
114 2619670
115 2219403
116 2371741
117 2403790
118 2403515
119 2436663
120 2525106
121 2515732
122 2246339
123 2448289
124 2375292
125 2206940
126 2522558
127 2499499
128 1904499
