0 396105
1 275242
2 338742
3 1264778
4 1142470
5 1203273
6 2478974
7 2433725
8 2429647
9 2541840
10 2306310
11 2455846
12 2575789
13 2492867
14 2378875
15 2525094
16 2365540
17 2455631
18 2546618
19 2290892
20 2445418
21 2426626
22 2561180
23 2278157
24 2443784
25 2421153
26 2317363
27 2489148
28 2329507
29 2276751
30 2553236
31 2222214
32 2490921
33 2461311
34 2427567
35 2365715
36 2516143
37 2470712
38 2412363
39 2403160
40 2467414
41 2254112
42 2591419
43 2377025
44 2250609
45 2571484
46 2332679
47 2378396
48 2500173
49 2450994
50 2346013
51 2460736
52 2310166
53 2257581
54 2677286
55 2284077
56 2323945
57 2573127
58 2367825
59 2253094
60 2537090
61 2418736
62 2292756
63 2510786
64 2360204
65 2355356
66 2529296
67 2471199
68 2390197
69 2420359
70 2302699
71 2187618
72 2584407
73 2438866
74 2316611
75 2431284
76 2253202
77 2368124
78 2541835
79 2491529
80 2358402
81 2456803
82 2377892
83 2339058
84 2447306
85 2327167
86 2295610
87 2488625
88 2354689
89 2442120
90 2574530
91 2504454
92 2336264
93 2320110
94 2266341
95 2356373
96 2417307
97 2262725
98 2529625
99 2507710
100 2329181
101 2306366
102 2512102
103 2277004
104 2402374
105 2395141
106 2358654
107 2296663
108 2689796
109 2297536
110 2297760
111 2383203
112 2253923
113 2411160
114 2363315
115 2353570
116 2236839
117 2611507
118 2346207
119 2385701
120 2588563
121 2384028
122 2385221
123 2514100
124 2258326
125 2319363
126 2485200
127 2341418
128 1866951
