0 396150
1 318840
2 323944
3 1239249
4 1150614
5 1144798
6 2454765
7 2418079
8 2434865
9 2397808
10 2475851
11 2523709
12 2405953
13 2441460
14 2395677
15 2418220
16 2285450
17 2415222
18 2436929
19 2454062
20 2399277
21 2401043
22 2416555
23 2345222
24 2694413
25 2414297
26 2368763
27 2476975
28 2413720
29 2492180
30 2430396
31 2388594
32 2385738
33 2422949
34 2310187
35 2384919
36 2573866
37 2406267
38 2388548
39 2395340
40 2405941
41 2389078
42 2500833
43 2349786
44 2163649
45 2510556
46 2452452
47 2239060
48 2509883
49 2243656
50 2554429
51 2444864
52 2435291
53 2295441
54 2537617
55 2403414
56 2207964
57 2335096
58 2363217
59 2315010
60 2548537
61 2307048
62 2382074
63 2426021
64 2430096
65 2391217
66 2523126
67 2415608
68 2367093
69 2551301
70 2368410
71 2288489
72 2548562
73 2440623
74 2408745
75 2288925
76 2515079
77 2259289
78 2612865
79 2310939
80 2322038
81 2512642
82 2387740
83 2312578
84 2528345
85 2326560
86 2362231
87 2401797
88 2306481
89 2385863
90 2576077
91 2349195
92 2390817
93 2523674
94 2377235
95 2413758
96 2645531
97 2418649
98 2426495
99 2352945
100 2184948
101 2348681
102 2472780
103 2404740
104 2410652
105 2524732
106 2333245
107 2435955
108 2587625
109 2414275
110 2330610
111 2431993
112 2389114
113 2239158
114 2498868
115 2351547
116 2378924
117 2371777
118 2433944
119 2310293
120 2566226
121 2281314
122 2367756
123 2274756
124 2471667
125 2451381
126 2582185
127 2370574
128 1813066
