0 389561
1 311500
2 294787
3 1127724
4 1201241
5 1103508
6 2775644
7 2541190
8 2347222
9 2557363
10 2358390
11 2305196
12 2568482
13 2503228
14 2234550
15 2521055
16 2482233
17 2381776
18 2544920
19 2375698
20 2333397
21 2440251
22 2446643
23 2484749
24 2551915
25 2458943
26 2432461
27 2373251
28 2248805
29 2344754
30 2418513
31 2416576
32 2383722
33 2517496
34 2438954
35 2358651
36 2590863
37 2331761
38 2394412
39 2401375
40 2367213
41 2389380
42 2514851
43 2462166
44 2296882
45 2417134
46 2356675
47 2441959
48 2533813
49 2357288
50 2413663
51 2533298
52 2551805
53 2491170
54 2500041
55 2380104
56 2341037
57 2639543
58 2248468
59 2376351
60 2492071
61 2249930
62 2373501
63 2680241
64 2191199
65 2458848
66 2522828
67 2512383
68 2444619
69 2526735
70 2372566
71 2364606
72 2651705
73 2385606
74 2380988
75 2514344
76 2548060
77 2342192
78 2507465
79 2459508
80 2367839
81 2553146
82 2316055
83 2376115
84 2517746
85 2241582
86 2443403
87 2343102
88 2391659
89 2334279
90 2413375
91 2427532
92 2299800
93 2367626
94 2477142
95 2359232
96 2605912
97 2375564
98 2483057
99 2396241
100 2457425
101 2393443
102 2565993
103 2421656
104 2432461
105 2374150
106 2317451
107 2331131
108 2539944
109 2357303
110 2403062
111 2366676
112 2449948
113 2325519
114 2698329
115 2318830
116 2363654
117 2534759
118 2294241
119 2294373
120 2499044
121 2332414
122 2332785
123 2461557
124 2428261
125 2357000
126 2469245
127 2309408
128 1849982
