0 3766199
1 3146781
2 3150926
3 12223357
4 11249620
5 11293265
6 25410308
7 24392634
8 24010266
9 24913178
10 23826191
11 24286577
12 25389610
13 24171356
14 23885835
15 24807969
16 23747339
17 23992205
18 25433800
19 24134492
20 23639166
21 24530781
22 23828979
23 23429914
24 25386140
25 24104582
26 23879509
27 24922023
28 23641984
29 23695029
30 25268831
31 24037798
32 24017252
33 24884592
34 23710998
35 23694440
36 25477896
37 23816745
38 23635267
39 24343325
40 23750649
41 23885790
42 25288918
43 23956608
44 23442259
45 24780172
46 23844041
47 23483078
48 25325078
49 23692918
50 23731916
51 24567769
52 23851384
53 23981569
54 25502389
55 23728535
56 23797757
57 24523106
58 23660888
59 23587134
60 25337453
61 23868022
62 23556176
63 24821714
64 23543118
65 23740889
66 25070954
67 23813995
68 23643706
69 24495764
70 23900536
71 23341120
72 25346017
73 23615271
74 23466053
75 24491170
76 23913609
77 23763824
78 25135375
79 24083957
80 23787898
81 24803509
82 23741943
83 23773375
84 25571607
85 23453422
86 23957673
87 24461345
88 23716125
89 23587356
90 25342421
91 23938167
92 23510571
93 24365933
94 23905647
95 23739707
96 25373010
97 23683140
98 23839069
99 24494866
100 23738278
101 23566517
102 25230956
103 23475832
104 24063239
105 24605788
106 23549034
107 23641122
108 25495193
109 23874731
110 23710566
111 24398618
112 23728359
113 23566184
114 25251998
115 23579530
116 23453067
117 24676326
118 23778154
119 23476104
120 25426844
121 23638970
122 23621351
123 24504073
124 23707585
125 23484637
126 25350414
127 23864936
128 18451276
