0 377224
1 294560
2 317219
3 1188125
4 1086646
5 1096476
6 2461933
7 2550951
8 2463766
9 2427110
10 2378143
11 2371034
12 2533464
13 2470905
14 2284898
15 2427825
16 2205142
17 2457332
18 2363985
19 2481850
20 2228871
21 2439863
22 2409199
23 2438993
24 2569243
25 2483235
26 2471811
27 2534166
28 2559451
29 2288959
30 2599017
31 2518714
32 2356417
33 2571580
34 2438658
35 2443580
36 2525740
37 2327707
38 2339672
39 2365167
40 2492365
41 2429038
42 2447408
43 2350154
44 2458621
45 2564064
46 2383561
47 2314324
48 2455984
49 2350860
50 2344730
51 2466670
52 2368485
53 2431912
54 2605554
55 2349951
56 2417670
57 2416686
58 2358967
59 2303458
60 2600875
61 2417557
62 2378617
63 2486948
64 2386565
65 2311784
66 2668011
67 2289917
68 2469659
69 2377123
70 2404116
71 2359277
72 2485058
73 2141333
74 2434751
75 2546243
76 2447182
77 2411379
78 2591983
79 2577461
80 2385087
81 2370023
82 2426877
83 2503819
84 2617929
85 2397973
86 2483718
87 2419633
88 2404277
89 2440534
90 2534659
91 2379290
92 2333789
93 2370044
94 2269974
95 2275051
96 2573951
97 2327278
98 2329960
99 2522883
100 2334239
101 2398664
102 2466231
103 2335979
104 2336192
105 2396460
106 2355300
107 2301527
108 2548073
109 2282520
110 2377577
111 2435413
112 2479406
113 2340057
114 2599661
115 2361794
116 2159064
117 2447006
118 2300492
119 2360544
120 2619988
121 2395524
122 2392078
123 2518688
124 2388038
125 2305383
126 2545322
127 2519581
128 1883932
