0 4174843
1 3515818
2 3508390
3 7712951
4 7351074
5 7183542
6 7617287
7 7131189
8 7086334
9 7429433
10 7122641
11 7090891
12 7444258
13 6960046
14 7190773
15 7196973
16 7026670
17 6925179
18 7698649
19 7038063
20 6916426
21 7263669
22 7095492
23 7035990
24 7493117
25 7047034
26 7035474
27 7188460
28 7102957
29 6965121
30 7438643
31 6904886
32 7005160
33 7251022
34 7097158
35 6944843
36 7418461
37 6981324
38 7041430
39 7272583
40 7074833
41 7126009
42 7336194
43 6873897
44 7096023
45 7249614
46 7058526
47 7161092
48 7557489
49 6938723
50 7030004
51 7160139
52 7125979
53 7186934
54 7427930
55 7101506
56 7093134
57 7226056
58 7150114
59 6946512
60 7363070
61 7039262
62 5509788
