0 377120
1 288305
2 306696
3 667846
4 720105
5 609309
6 654073
7 647338
8 657802
9 640616
10 607877
11 652081
12 697259
13 587462
14 614963
15 667441
16 640803
17 651694
18 688933
19 626091
20 637117
21 597005
22 581789
23 640969
24 691543
25 663042
26 639678
27 661087
28 595133
29 591458
30 739061
31 589633
32 688536
33 660118
34 633517
35 636753
36 626038
37 613680
38 621777
39 594719
40 678632
41 658401
42 729514
43 633188
44 602222
45 630214
46 601244
47 636711
48 662018
49 585658
50 675912
51 651239
52 666440
53 644235
54 689187
55 677491
56 637440
57 660976
58 632099
59 623450
60 665842
61 642923
62 474264
