0 375675
1 350937
2 349891
3 713488
4 641813
5 664098
6 673810
7 646854
8 594020
9 682812
10 674134
11 661081
12 737325
13 623544
14 645618
15 642548
16 655512
17 567483
18 661518
19 607200
20 645811
21 666748
22 677402
23 613343
24 712615
25 634452
26 615178
27 648802
28 634186
29 607727
30 715850
31 652719
32 530396
33 706768
34 645296
35 586661
36 699924
37 573576
38 666382
39 666598
40 652163
41 644225
42 663563
43 568082
44 637852
45 632339
46 678748
47 647606
48 691102
49 619298
50 645374
51 634176
52 685058
53 624526
54 703670
55 651478
56 641875
57 669756
58 635272
59 639987
60 676719
61 626483
62 458226
