0 362288
1 285648
2 328297
3 714216
4 643199
5 632339
6 718297
7 620379
8 678485
9 678277
10 647828
11 648305
12 621134
13 614633
14 674626
15 620170
16 663181
17 610649
18 679906
19 633297
20 693744
21 667567
22 612769
23 626919
24 690959
25 618057
26 610258
27 619057
28 638871
29 645710
30 642430
31 618335
32 602629
33 651278
34 629762
35 614302
36 672247
37 632680
38 614441
39 639892
40 666828
41 671014
42 612251
43 587558
44 602957
45 709394
46 668707
47 649142
48 656110
49 597066
50 612334
51 642272
52 652648
53 666288
54 659774
55 661883
56 615878
57 601711
58 629721
59 599909
60 665799
61 667756
62 490903
