0 370783
1 300548
2 315809
3 722317
4 628167
5 686712
6 712918
7 656336
8 691213
9 634435
10 650255
11 668835
12 660564
13 620999
14 625980
15 667744
16 590730
17 627268
18 676357
19 682210
20 608156
21 593045
22 628127
23 633470
24 674718
25 634061
26 607559
27 664619
28 630571
29 615312
30 638698
31 646603
32 763999
33 640042
34 648597
35 649035
36 683894
37 638493
38 656145
39 664836
40 629837
41 621574
42 658842
43 643435
44 672186
45 626440
46 672949
47 650924
48 703207
49 645373
50 660622
51 664874
52 659284
53 649134
54 714885
55 636415
56 591569
57 655347
58 672460
59 618437
60 650867
61 621862
62 509477
