0 365874
1 311635
2 325750
3 708359
4 682973
5 614852
6 646675
7 671054
8 632854
9 672563
10 638988
11 630434
12 705866
13 623134
14 594436
15 699611
16 662562
17 593603
18 705635
19 622806
20 615120
21 713879
22 702306
23 642558
24 615996
25 634831
26 623228
27 635270
28 619948
29 646658
30 673942
31 591085
32 587723
33 626457
34 593782
35 627521
36 650233
37 637518
38 663890
39 664042
40 589699
41 666206
42 689190
43 580613
44 659118
45 694666
46 659562
47 657308
48 633228
49 641055
50 601008
51 609857
52 632939
53 642578
54 663883
55 604515
56 654923
57 659799
58 665602
59 593527
60 658212
61 690060
62 484331
