0 394961
1 307161
2 287770
3 702129
4 633106
5 630250
6 689409
7 598137
8 567245
9 623997
10 615004
11 630730
12 624546
13 603926
14 692806
15 604273
16 669026
17 669563
18 699280
19 580739
20 601055
21 669464
22 607336
23 642248
24 640170
25 618503
26 649183
27 588598
28 677655
29 686848
30 648108
31 590516
32 630320
33 673779
34 659661
35 565328
36 702336
37 616157
38 673060
39 639897
40 616943
41 617999
42 691262
43 728515
44 640223
45 670371
46 663454
47 650507
48 720685
49 568829
50 609307
51 666550
52 652203
53 686171
54 666845
55 619436
56 652319
57 672638
58 631858
59 623052
60 698835
61 613605
62 532835
