0 359214
1 320358
2 301918
3 605258
4 695798
5 693630
6 668489
7 631874
8 608346
9 697101
10 640244
11 618183
12 677224
13 651337
14 616493
15 648994
16 595605
17 600820
18 679036
19 690192
20 614150
21 640708
22 619618
23 678205
24 697730
25 648254
26 599150
27 681493
28 644887
29 658049
30 690140
31 644617
32 643183
33 619982
34 668416
35 613698
36 693593
37 631821
38 601024
39 717149
40 651743
41 598044
42 671936
43 591913
44 628464
45 645806
46 600518
47 571747
48 743523
49 684114
50 624126
51 668123
52 640960
53 606395
54 643517
55 633135
56 658507
57 638196
58 662536
59 655273
60 666431
61 602522
62 495141
