0 3757359
1 3164236
2 3157551
3 6941656
4 6615967
5 6465188
6 6855558
7 6418070
8 6377701
9 6686490
10 6410377
11 6381802
12 6699832
13 6264041
14 6471696
15 6477276
16 6324003
17 6232661
18 6928784
19 6334257
20 6224783
21 6537302
22 6385943
23 6332391
24 6743805
25 6342331
26 6331927
27 6469614
28 6392661
29 6268609
30 6694779
31 6214397
32 6304644
33 6525920
34 6387442
35 6250359
36 6676615
37 6283192
38 6337287
39 6545325
40 6367350
41 6413408
42 6602575
43 6186507
44 6386421
45 6524653
46 6352673
47 6444983
48 6801740
49 6244851
50 6327004
51 6444125
52 6413381
53 6468241
54 6685137
55 6391355
56 6383821
57 6503450
58 6435103
59 6251861
60 6626763
61 6335336
62 4958809
