0 375845
1 331742
2 332708
3 692691
4 682665
5 647869
6 711848
7 647246
8 656938
9 653183
10 691753
11 607680
12 650932
13 611955
14 665214
15 637516
16 610198
17 633923
18 741943
19 564960
20 634801
21 626346
22 646394
23 665699
24 641309
25 660450
26 621280
27 664028
28 649195
29 606406
30 664184
31 638882
32 601384
33 645578
34 663548
35 646880
36 667544
37 639175
38 625475
39 628138
40 647455
41 651135
42 636493
43 637668
44 649113
45 651510
46 601903
47 690129
48 679151
49 658278
50 616570
51 594902
52 618360
53 652233
54 650683
55 623139
56 681121
57 673296
58 677270
59 641854
60 636201
61 621131
62 511178
