0 394637
1 334326
2 328544
3 711073
4 650735
5 652205
6 703859
7 684344
8 641862
9 759469
10 614877
11 611180
12 680844
13 637607
14 680725
15 614386
16 574952
17 620805
18 710557
19 662689
20 589517
21 653206
22 632636
23 615400
24 691119
25 619274
26 647730
27 679298
28 658066
29 585829
30 634303
31 661798
32 593774
33 640289
34 623626
35 640894
36 664362
37 645212
38 601238
39 689854
40 643989
41 612290
42 633284
43 656014
44 635052
45 636862
46 608501
47 596912
48 636324
49 648645
50 634650
51 653866
52 603614
53 677609
54 659059
55 642043
56 610101
57 637667
58 619806
59 682981
60 636658
61 623740
62 516369
