0 380962
1 333576
2 280168
3 704279
4 637406
5 633924
6 676180
7 614508
8 648936
9 644037
10 629417
11 653293
12 644138
13 689444
14 660835
15 674593
16 661434
17 656853
18 685619
19 664073
20 585312
21 709334
22 677566
23 573580
24 687646
25 611407
26 718683
27 627362
28 644149
29 624612
30 648063
31 580209
32 662700
33 661629
34 621237
35 669287
36 616444
37 654880
38 613855
39 640200
40 590061
41 672520
42 616240
43 559521
44 659234
45 627051
46 597087
47 693997
48 676392
49 596535
50 647101
51 658266
52 601875
53 619072
54 633634
55 641820
56 640088
57 634064
58 608479
59 573391
60 671199
61 625254
62 486085
