0 377860
1 347323
2 286405
3 1134896
4 1166814
5 1115118
6 2521232
7 2459988
8 2314382
9 3573137
10 2145290
11 2606884
12 3140135
13 3712471
14 4288808
15 4669724
16 4984775
17 5219094
18 5930644
19 5814871
20 5943100
21 6036757
22 6145193
23 5988485
24 5985954
25 6111863
26 6291907
27 6461373
28 6792246
29 6941670
30 6863761
31 7426658
32 7315377
33 7468680
34 7633877
35 7894755
36 7500360
37 7629372
38 7498934
39 7273194
40 7420926
41 7367080
42 6878918
43 7169332
44 7289791
45 6761584
46 7018628
47 6963749
48 6658258
49 6981921
50 7108019
51 6836219
52 7315812
53 7188168
54 7197251
55 7621310
56 7875611
57 7401519
58 7583870
59 7670693
60 7130350
61 7362547
62 7433426
63 6895328
64 7195951
65 7313773
66 6760134
67 6854332
68 6965070
69 7136804
70 7261469
71 7127846
72 7338182
73 7125640
74 7242828
75 7429778
76 7209456
77 7209613
78 7207399
79 7152612
80 6968877
81 7275112
82 7220727
83 6993430
84 7247262
85 6967462
86 6986792
87 7363659
88 7484170
89 7141636
90 7384752
91 7365306
92 7515112
93 7902432
94 7577232
95 7649976
96 7768555
97 7555565
98 7665417
99 7583019
100 7357512
101 7171255
102 7265167
103 7184304
104 7115055
105 7156386
106 6922875
107 7071985
108 7083778
109 7052632
110 7036153
111 7109992
112 7079182
113 7068675
114 7000626
115 7165436
116 7005140
117 7049880
118 7151088
119 6924097
120 7207349
121 7192193
122 6991232
123 7178823
124 7322631
125 7141325
126 7202221
127 7144801
128 7248666
129 7382993
130 7268089
131 5798406
