0 384300
1 309815
2 273007
3 1096326
4 1103806
5 1082935
6 2512913
7 2444441
8 2482278
9 3447116
10 2258717
11 2559063
12 3416347
13 3721264
14 4007161
15 4443390
16 5022340
17 5515198
18 6239693
19 6321507
20 6336215
21 6169059
22 6093995
23 6218714
24 6410168
25 6311228
26 6267930
27 6341357
28 6364286
29 6352160
30 6545567
31 6700694
32 6799528
33 6915579
34 6773425
35 6583922
36 6461975
37 6584048
38 6431775
39 6779638
40 6461352
41 6582328
42 6670995
43 6516240
44 6463538
45 6741593
46 6715726
47 6605490
48 6776331
49 6772741
50 6594465
51 6876921
52 6880167
53 6935345
54 7103829
55 7213161
56 7012084
57 7012457
58 6984120
59 6842534
60 6954627
61 6764222
62 6905356
63 7058914
64 6725738
65 6848824
66 6888698
67 6804056
68 6638362
69 7062962
70 6751988
71 6987447
72 6998416
73 7197050
74 7007081
75 7298712
76 6993067
77 7095629
78 7109243
79 7218862
80 6929356
81 7105044
82 6874884
83 6966635
84 7122633
85 7104786
86 7148324
87 7087796
88 7162536
89 7156514
90 7276201
91 7285012
92 7031453
93 7039861
94 6956970
95 6984919
96 6796756
97 7032237
98 7006542
99 6876237
100 6768305
101 6976494
102 6862241
103 7015567
104 7039330
105 7276280
106 7047240
107 6802086
108 7021269
109 6881441
110 7162025
111 6991057
112 6855529
113 6690532
114 6892741
115 6795063
116 6792563
117 6962172
118 6899398
119 6673617
120 6754428
121 6523966
122 6667144
123 6646894
124 7010873
125 6943358
126 6891672
127 6927998
128 6970927
129 7168393
130 7245835
131 5599745
