0 372028
1 307929
2 301221
3 1187151
4 1149029
5 1138958
6 2473938
7 2411578
8 2423375
9 3678569
10 1619027
11 2449075
12 3410749
13 4491689
14 6040164
15 7144021
16 8324952
17 8837516
18 10011232
19 10966828
20 11051491
21 11523964
22 11328528
23 11211456
24 11215910
25 10512561
26 10855147
27 10819909
28 10839137
29 10646034
30 10879984
31 10876909
32 10944880
33 10854285
34 11049269
35 11074581
36 10990356
37 11019180
38 10970224
39 11090972
40 11109155
41 10934111
42 11270660
43 11302711
44 11254637
45 11109074
46 10110544
47 11383670
48 11470689
49 11324082
50 11168745
51 11273598
52 11299255
53 11053735
54 11147063
55 11233072
56 11337794
57 11398943
58 10230536
59 11253134
60 11338197
61 10828677
62 11176016
63 11184699
64 11172532
65 11113206
66 11095726
67 11026281
68 10916200
69 10929505
70 11123095
71 11044031
72 11273020
73 11588664
74 10909927
75 11149202
76 11318704
77 11244853
78 11350902
79 11213589
80 11324290
81 11371420
82 11210015
83 10635083
84 10984804
85 10940343
86 9994420
87 11134352
88 10915958
89 10651004
90 10787141
91 11040059
92 10922164
93 11157145
94 11159748
95 11150662
96 11036670
97 10973372
98 11117241
99 10791296
100 10859797
101 10691005
102 11038279
103 10670680
104 11004969
105 11220788
106 11263945
107 11075949
108 11180135
109 11192453
110 11076275
111 11303962
112 11378348
113 11356553
114 10220577
115 11303517
116 11369306
117 11163436
118 11572626
119 11352971
120 11108560
121 11166686
122 11313257
123 11545468
124 11412091
125 11441304
126 11184163
127 11336399
128 11043259
129 10996171
130 11049500
131 9065728
