0 3758829
1 3145593
2 3075556
3 11784265
4 11267765
5 11189029
6 25676618
7 24357929
8 24146230
9 34806258
10 21148186
11 25782810
12 34726919
13 40405913
14 47024020
15 53858690
16 59687732
17 65143045
18 72160911
19 75803994
20 76850194
21 77803667
22 77297736
23 76728779
24 77454864
25 76011574
26 76350293
27 77319940
28 77111517
29 77933398
30 78887574
31 79100626
32 79279113
33 79926733
34 79833109
35 79557552
36 79327860
37 79060252
38 78524621
39 78766173
40 78431101
41 78560624
42 78867350
43 79015985
44 78771591
45 78800064
46 77550736
47 78674946
48 79898272
49 79134113
50 78682807
51 79206243
52 78876198
53 78785491
54 78872532
55 79430480
56 79537359
57 79076907
58 78535638
59 79371975
60 79448546
61 78828234
62 79140690
63 79312607
64 78998623
65 79149717
66 79122371
67 78572086
68 78707858
69 79298959
70 78626993
71 79059572
72 79755711
73 79357131
74 78627506
75 79545274
76 79065925
77 78749327
78 79500379
79 79194791
80 78851768
81 79560940
82 79334193
83 78553311
84 79753281
85 79648281
86 78424552
87 79865587
88 79101900
89 78444914
90 78961489
91 79026034
92 78801845
93 79546827
94 79406282
95 79246665
96 79544809
97 79074545
98 78975271
99 79287912
100 78206478
101 78971526
102 79528067
103 78697696
104 78945922
105 79820461
106 79057582
107 79037380
108 80003337
109 79396220
110 79049872
111 79637842
112 79272925
113 79139667
114 78629478
115 79118644
116 79093375
117 79079810
118 78581479
119 78531176
120 79108072
121 78239470
122 78122522
123 79244010
124 78673508
125 78749731
126 79464158
127 78648392
128 78355804
129 79389266
130 78715186
131 62767337
