0 356178
1 308288
2 326802
3 1177314
4 1114341
5 1140111
6 2440161
7 2516592
8 2447727
9 3439988
10 2397721
11 2491838
12 3431653
13 3673196
14 4117641
15 4767758
16 4902501
17 5370687
18 5854527
19 5917669
20 5957696
21 6224851
22 6114059
23 6497295
24 6649737
25 6744453
26 6852307
27 6878544
28 7087601
29 7301374
30 7476196
31 7327570
32 7384948
33 7354865
34 7281168
35 7125031
36 7266739
37 7065576
38 7032839
39 7021404
40 7226856
41 7034530
42 7061533
43 7180184
44 7033637
45 7313401
46 7516341
47 7228794
48 7354589
49 7412270
50 7098070
51 7215451
52 7006536
53 7221419
54 7029889
55 6979145
56 6925397
57 7139644
58 7046928
59 7143297
60 7240440
61 7115402
62 6962150
63 7115092
64 6872006
65 7184469
66 7112113
67 7130016
68 7238042
69 7365546
70 7082573
71 7137434
72 7236991
73 7202064
74 7148546
75 7233814
76 7229657
77 7193340
78 7203242
79 6989353
80 7067850
81 7332433
82 7386154
83 7143179
84 7140140
85 7334351
86 7338152
87 7176286
88 7262033
89 7131398
90 7315173
91 7119104
92 7222023
93 7124443
94 7226935
95 7178019
96 7425413
97 7238779
98 7124822
99 7385052
100 7102467
101 7163391
102 7178061
103 7265908
104 7105943
105 7131925
106 7259639
107 7192489
108 7385950
109 7524348
110 7610010
111 7442615
112 7351303
113 7411248
114 7449341
115 7160816
116 7273645
117 7157331
118 6941387
119 7020865
120 6894146
121 6876144
122 7023022
123 6814667
124 6977988
125 6936341
126 7229841
127 6882143
128 6731141
129 6989012
130 6807653
131 5558616
