0 373961
1 300319
2 325453
3 1257928
4 1161725
5 1120046
6 2629670
7 2520971
8 2439870
9 3494656
10 2023128
11 2456826
12 3440901
13 3877973
14 4495648
15 5223104
16 5777313
17 6414220
18 7064582
19 7399127
20 7339548
21 7653295
22 7881110
23 7669893
24 7655750
25 7643883
26 7643887
27 7739447
28 7574786
29 7623887
30 7611652
31 7481608
32 7469109
33 7557249
34 7539525
35 7395403
36 7385970
37 7479360
38 7299388
39 7309081
40 7370126
41 7325065
42 7538665
43 7410359
44 7543670
45 7580663
46 7469593
47 7448973
48 7639662
49 7473368
50 7462422
51 7594560
52 7310891
53 7561714
54 7734882
55 7546457
56 7515765
57 7708986
58 7515110
59 7415214
60 7700693
61 7631258
62 7538054
63 7471140
64 7364820
65 7437003
66 7481564
67 7316434
68 7517363
69 7705676
70 7538203
71 7619793
72 7813676
73 7661065
74 7647377
75 7718397
76 7419827
77 7529321
78 7616075
79 7544969
80 7451145
81 7404818
82 7312077
83 7282859
84 7442803
85 7383884
86 7558973
87 7530854
88 7305822
89 7496287
90 7441108
91 7405821
92 7629918
93 7662726
94 7574295
95 7514434
96 7569092
97 7537816
98 7519507
99 7536196
100 7541004
101 7661425
102 7739061
103 7664136
104 7614830
105 7454989
106 7426176
107 7599373
108 7551923
109 7677124
110 7377720
111 7415523
112 7571733
113 7478929
114 7549634
115 7496058
116 7505125
117 7579109
118 7470889
119 7488872
120 7541336
121 7537923
122 7379509
123 7613028
124 7376386
125 7308278
126 7367406
127 7311744
128 7313330
129 7452527
130 7304027
131 5752628
