0 415480
1 283358
2 298112
3 1191732
4 1070947
5 1061444
6 2720703
7 2379900
8 2378063
9 3646132
10 2127315
11 2752502
12 3545211
13 4162411
14 4887249
15 5654872
16 6042875
17 6794741
18 7383140
19 7857788
20 7908140
21 7867171
22 7691080
23 7496761
24 7607659
25 7477100
26 7550771
27 7546481
28 7482882
29 7907945
30 7571901
31 7812617
32 7947395
33 8023793
34 7684300
35 7751718
36 7660975
37 7847242
38 7660963
39 7707925
40 7589005
41 7751851
42 7941668
43 8024255
44 8110183
45 8056737
46 7853554
47 7975054
48 8071466
49 7772771
50 7769104
51 7682522
52 7832155
53 7550989
54 7607768
55 7793345
56 7536049
57 7674740
58 7469355
59 7498095
60 7608829
61 7662701
62 7510688
63 7528698
64 7547631
65 7514749
66 7764591
67 7585295
68 7674669
69 7495352
70 7612320
71 7606825
72 7526922
73 7285849
74 7450184
75 7490429
76 7489982
77 7408576
78 7629881
79 7682037
80 7690601
81 7657246
82 7388938
83 7785999
84 7650863
85 7573208
86 7531351
87 7764600
88 7532827
89 7456712
90 7504955
91 7338901
92 7482968
93 7722612
94 7766401
95 7720348
96 7667654
97 7754979
98 7633400
99 7797965
100 7847701
101 7821580
102 7607212
103 7650445
104 7693947
105 7513784
106 7605173
107 7422664
108 7574128
109 7554809
110 7477368
111 7630433
112 7574388
113 7689864
114 7915501
115 7777280
116 7749975
117 7716411
118 7645570
119 7769892
120 7824277
121 7891348
122 7586431
123 7505653
124 7398607
125 7396110
126 7614480
127 7505657
128 7424642
129 7445630
130 7316647
131 5822852
