0 353868
1 295300
2 291514
3 1255039
4 1107043
5 1076831
6 2598331
7 2336711
8 2380429
9 3421713
10 2107807
11 2537717
12 3512849
13 4060052
14 4713457
15 5293912
16 6070931
17 6465523
18 6919216
19 7432000
20 7739376
21 7546027
22 7336025
23 7386651
24 7391832
25 7215089
26 7060381
27 7022304
28 7089567
29 6946780
30 7145184
31 7088581
32 6948785
33 7171277
34 7174474
35 7126701
36 7200514
37 7039140
38 7063240
39 7181012
40 6995161
41 7194472
42 7150976
43 7303581
44 7115765
45 7149669
46 7286772
47 7201142
48 7597953
49 7557824
50 7407395
51 7499862
52 7220499
53 7246232
54 7235442
55 7016374
56 7244843
57 7311023
58 7469919
59 7198354
60 7165718
61 7462844
62 7204542
63 7422283
64 7331558
65 7385945
66 7089860
67 7025161
68 6983641
69 6962335
70 6975472
71 6859520
72 7154880
73 7064924
74 6886113
75 6960409
76 7098976
77 6942432
78 6850604
79 6880659
80 6857393
81 6592697
82 6968932
83 6937872
84 7218155
85 7128798
86 7277886
87 6940518
88 7152877
89 7373607
90 6940333
91 7429258
92 7340622
93 7229562
94 7352783
95 7377850
96 7256161
97 7082577
98 7135080
99 7445874
100 7456832
101 7407229
102 7477328
103 7206804
104 7120232
105 7203889
106 7240109
107 7298355
108 7397359
109 7149912
110 6895843
111 7099070
112 7060675
113 7005015
114 6943117
115 7188758
116 7118748
117 7171424
118 6896754
119 7140116
120 7267887
121 6931075
122 7052063
123 7239054
124 7028109
125 7152836
126 7060227
127 6998971
128 7044105
129 7142427
130 6807762
131 5466451
