0 365288
1 320850
2 314973
3 1226988
4 1214640
5 1142098
6 2635183
7 2389837
8 2424157
9 3525920
10 2341276
11 2729300
12 3440243
13 3626868
14 3919348
15 4403565
16 4893411
17 5717713
18 6319402
19 6818673
20 7177563
21 7416344
22 7563981
23 7697276
24 7611267
25 7517817
26 7406111
27 7651540
28 7290787
29 7453419
30 7396353
31 7098883
32 7289416
33 7144399
34 7355633
35 7282501
36 7415764
37 7432833
38 7368733
39 7392876
40 7218318
41 7232583
42 7215312
43 7081561
44 7111757
45 7126172
46 6843487
47 6952410
48 7000878
49 6738430
50 6844980
51 7035387
52 6956201
53 6930134
54 7072819
55 6985273
56 7020468
57 7262593
58 7293231
59 7115288
60 7433755
61 7397933
62 7152911
63 7266902
64 7302545
65 7272106
66 7472660
67 7246438
68 7388765
69 7463870
70 7342834
71 7447043
72 7501109
73 7400412
74 7397135
75 7370699
76 7359361
77 7411486
78 7410863
79 7378361
80 7374120
81 7558220
82 7652114
83 7447142
84 7643818
85 7584915
86 7224627
87 7373855
88 7161078
89 7076255
90 7285499
91 7108452
92 7065468
93 7074433
94 6945246
95 7128917
96 7204019
97 7244788
98 7196924
99 7321987
100 6948541
101 7316364
102 7416166
103 7460949
104 7440607
105 7614184
106 7351117
107 7582468
108 7311333
109 7294474
110 7142644
111 7360553
112 7499164
113 7475463
114 7177344
115 7157411
116 7292839
117 7377015
118 7397605
119 7514563
120 7681716
121 7482371
122 7531196
123 7574640
124 7386334
125 7374884
126 7515471
127 7402519
128 7465730
129 7464839
130 7399642
131 5990758
