0 389300
1 347015
2 316569
3 1133294
4 1049955
5 1099469
6 2666216
7 2400683
8 2309038
9 3196772
10 2147486
11 2645651
12 3516382
13 4357910
14 4775747
15 5492411
16 6091647
17 6441932
18 7139749
19 7319074
20 7282334
21 7411048
22 7437142
23 6894272
24 7283644
25 7177804
26 6862308
27 7174433
28 7057956
29 7051963
30 7472016
31 7503571
32 7160229
33 7334736
34 7323491
35 7264942
36 7333179
37 7153692
38 7369460
39 7177650
40 7271249
41 7134531
42 7119235
43 7254374
44 7059671
45 7207961
46 6945173
47 7129832
48 7308165
49 7120537
50 7162036
51 7222757
52 7235995
53 7189159
54 7251017
55 7185563
56 7380027
57 7080420
58 7108301
59 7297896
60 7191458
61 7095462
62 7169719
63 7182225
64 7373425
65 7113309
66 7467678
67 7310979
68 7359859
69 7122054
70 7159759
71 7317561
72 7247617
73 7186585
74 7134769
75 7122672
76 7347374
77 7170037
78 7536724
79 7356067
80 7315917
81 7238107
82 7217373
83 7369748
84 7409661
85 7455583
86 7274698
87 7370921
88 7242422
89 7337379
90 7131694
91 7147853
92 6935989
93 6968099
94 7103800
95 6851780
96 7027873
97 6882584
98 6843891
99 6925435
100 6927844
101 6847922
102 7007436
103 6859852
104 6914461
105 7106055
106 6884319
107 7092505
108 7275646
109 7056020
110 7367242
111 7382626
112 7007059
113 7119872
114 7390589
115 7231161
116 7126627
117 7139669
118 7109865
119 7122124
120 7234283
121 7157389
122 7062850
123 7288947
124 7206907
125 7411855
126 7510472
127 7631297
128 7419769
129 7557035
130 7508023
131 5942943
