0 370566
1 325396
2 341500
3 1123597
4 1129465
5 1212019
6 2478271
7 2497228
8 2546911
9 3382255
10 1980419
11 2553954
12 3872449
13 4722079
14 5778797
15 6765933
16 7576987
17 8366421
18 9298726
19 9956457
20 10114731
21 9955151
22 9706623
23 9667976
24 9642943
25 9299776
26 9559544
27 9684552
28 9532269
29 9708166
30 9924960
31 9783535
32 10019446
33 10101870
34 10017947
35 10057998
36 10112028
37 9809809
38 9829065
39 9832421
40 9768953
41 10004073
42 10019388
43 9773388
44 9788942
45 9753210
46 9790918
47 9785832
48 10020281
49 9980169
50 10067571
51 9968966
52 9818687
53 9908596
54 9492572
55 9856780
56 9689321
57 9086582
58 9834268
59 9937470
60 9684479
61 9507188
62 10087828
63 10187326
64 10112417
65 9966333
66 9989347
67 10273094
68 10025887
69 10054855
70 9779280
71 9912072
72 9664898
73 9644878
74 9803546
75 9771162
76 9599521
77 9544040
78 9585446
79 9778282
80 9872219
81 10025843
82 10102979
83 9991364
84 9893142
85 10174951
86 10089329
87 10122746
88 9882177
89 9624122
90 9894633
91 9786268
92 9656128
93 9665514
94 9742872
95 9689760
96 9792616
97 9771848
98 9732447
99 9624851
100 9396475
101 9914861
102 9937116
103 9719051
104 9896548
105 10142181
106 10056989
107 9899506
108 10221816
109 10013007
110 9904592
111 9902011
112 9895544
113 9843516
114 10090008
115 9843144
116 9859407
117 9763363
118 9496297
119 9524059
120 9594090
121 9480375
122 9515818
123 9836836
124 9553582
125 9643440
126 9888205
127 9506863
128 9694235
129 9790239
130 10008008
131 7769210
