0 573918
1 442740
2 438096
3 434866
4 440339
5 415276
6 458300
7 423094
8 414882
9 409037
10 428236
11 424474
12 450909
13 426611
14 423786
15 415747
16 415263
17 413723
18 450534
19 433251
20 432720
21 420906
22 432673
23 425152
24 466384
25 411844
26 451807
27 436209
28 431324
29 420091
30 470160
31 442608
32 444831
33 413693
34 415322
35 421539
36 444984
37 434938
38 422511
39 420437
40 432234
41 423289
42 457389
43 440068
44 419794
45 430397
46 432090
47 433096
48 463983
49 432322
50 407320
51 435948
52 432211
53 445506
54 463447
55 420676
56 435744
57 420568
58 424390
59 369201
