0 47800
1 40095
2 35271
3 39990
4 42223
5 35883
6 39489
7 34651
8 39923
9 35658
10 40673
11 41087
12 35406
13 35598
14 39405
15 43496
16 35672
17 30608
18 38760
19 32541
20 47117
21 41263
22 48323
23 39296
24 45778
25 40761
26 40497
27 44108
28 41578
29 38329
30 47960
31 37749
32 36416
33 38884
34 40866
35 33357
36 43315
37 38030
38 39892
39 37899
40 37536
41 38281
42 43313
43 38610
44 35222
45 36036
46 32811
47 36228
48 45096
49 38989
50 37649
51 41726
52 33450
53 36807
54 42143
55 30980
56 42522
57 38182
58 44187
59 34916
