0 52795
1 44157
2 38592
3 37222
4 39364
5 43837
6 41227
7 38835
8 41044
9 37966
10 31577
11 37548
12 40346
13 41748
14 40071
15 33883
16 37256
17 39689
18 44543
19 39184
20 42718
21 36121
22 34899
23 41483
24 42086
25 42435
26 37079
27 37483
28 44169
29 38445
30 42605
31 44628
32 40988
33 36469
34 41919
35 37736
36 44965
37 42550
38 34265
39 35133
40 39769
41 37398
42 43288
43 35592
44 39975
45 37442
46 41336
47 42133
48 42974
49 33305
50 37621
51 41794
52 43767
53 37547
54 41662
55 38541
56 37546
57 34378
58 42995
59 34716
