0 516526
1 398466
2 394286
3 391379
4 396305
5 373748
6 412470
7 380785
8 373394
9 368133
10 385412
11 382027
12 405818
13 383950
14 381407
15 374172
16 373737
17 372351
18 405481
19 389926
20 389448
21 378815
22 389406
23 382637
24 419746
25 370660
26 406626
27 392588
28 388192
29 378082
30 423144
31 398347
32 400348
33 372324
34 373790
35 379385
36 400486
37 391444
38 380260
39 378393
40 389011
41 380960
42 411650
43 396061
44 377815
45 387357
46 388881
47 389786
48 417585
49 389090
50 366588
51 392353
52 388990
53 400955
54 417102
55 378608
56 392170
57 378511
58 381951
59 332281
