0 54259
1 34938
2 34271
3 41989
4 34803
5 34298
6 43913
7 44886
8 36819
9 41140
10 38396
11 42808
12 41346
13 40156
14 38363
15 32584
16 40156
17 37196
18 35000
19 43203
20 34798
21 34040
22 40958
23 28680
24 38461
25 37734
26 43354
27 36796
28 43028
29 40950
30 33893
31 36320
32 37813
33 40712
34 40461
35 33049
36 33311
37 37929
38 39539
39 35543
40 36340
41 35358
42 39320
43 47026
44 40755
45 34476
46 45315
47 36760
48 38719
49 38012
50 38431
51 43728
52 34528
53 45386
54 43400
55 39009
56 44991
57 34945
58 31661
59 28420
