0 49419
1 33798
2 38031
3 35584
4 42956
5 40910
6 38890
7 34069
8 32454
9 30618
10 35973
11 42384
12 47941
13 45722
14 38695
15 43588
16 39679
17 41063
18 42669
19 43195
20 37859
21 43495
22 40480
23 40902
24 43026
25 33715
26 32187
27 40621
28 31741
29 33805
30 43219
31 42065
32 35736
33 32915
34 36012
35 42248
36 41981
37 41049
38 39975
39 35033
40 31762
41 37921
42 39188
43 42766
44 37680
45 38798
46 40897
47 41625
48 40844
49 44393
50 38472
51 36181
52 38229
53 40682
54 42989
55 41117
56 38704
57 37547
58 36726
59 39290
