0 61920
1 44703
2 48426
3 41545
4 34838
5 33282
6 35866
7 34073
8 34415
9 36210
10 40223
11 41369
12 36266
13 31966
14 32918
15 35592
16 40413
17 34444
18 42063
19 40394
20 40789
21 37396
22 41529
23 41032
24 42014
25 44423
26 47483
27 36947
28 36500
29 38496
30 40771
31 31771
32 40974
33 32798
34 39038
35 42199
36 41254
37 41692
38 38756
39 40075
40 44792
41 36140
42 40715
43 37293
44 33636
45 45601
46 42537
47 41397
48 44175
49 40723
50 36343
51 40680
52 46270
53 41965
54 40665
55 32501
56 34642
57 38951
58 37213
59 34822
