0 48281
1 41930
2 38932
3 37388
4 37534
5 43214
6 47296
7 42403
8 33278
9 41271
10 38577
11 41738
12 44708
13 41394
14 38799
15 40504
16 34260
17 37691
18 41092
19 39773
20 32230
21 40590
22 31763
23 37926
24 41244
25 31527
26 43582
27 36257
28 33847
29 40952
30 51186
31 40741
32 37845
33 38101
34 37283
35 29478
36 36489
37 42469
38 37380
39 43505
40 46091
41 37345
42 40188
43 39366
44 39116
45 34454
46 41294
47 39475
48 34514
49 33606
50 35498
51 38226
52 37971
53 40618
54 46160
55 38527
56 39111
57 38700
58 35424
59 32608
