0 51371
1 33529
2 45711
3 41230
4 42123
5 34070
6 42968
7 45622
8 38317
9 33749
10 43671
11 35639
12 44231
13 37995
14 38680
15 35356
16 31042
17 38488
18 39808
19 34642
20 42267
21 36326
22 42554
23 42060
24 40929
25 28087
26 45624
27 36798
28 32801
29 33141
30 37652
31 39753
32 40482
33 41030
34 36739
35 40803
36 35584
37 33685
38 37327
39 38376
40 40010
41 35655
42 41326
43 38666
44 34779
45 43180
46 41359
47 40327
48 44902
49 35469
50 35113
51 39181
52 37863
53 33737
54 39639
55 43614
56 38261
57 41375
58 38764
59 32493
