0 50124
1 46041
2 36769
3 38896
4 41279
5 37161
6 41168
7 36103
8 36273
9 37433
10 43820
11 29645
12 43218
13 39584
14 45540
15 30798
16 36882
17 36053
18 38897
19 34713
20 36670
21 30731
22 39570
23 48269
24 38768
25 38941
26 41254
27 40000
28 40714
29 38859
30 39001
31 42560
32 46254
33 37893
34 33246
35 37003
36 46018
37 33077
38 37073
39 36995
40 37700
41 40246
42 40447
43 35209
44 38657
45 39260
46 38317
47 37702
48 48827
49 39053
50 38404
51 41217
52 39710
53 39722
54 46986
55 36469
56 37922
57 39834
58 35592
59 30875
