0 48469
1 37644
2 38685
3 35945
4 40859
5 37018
6 44498
7 33219
8 42234
9 33597
10 35937
11 32135
12 33095
13 36319
14 37179
15 37705
16 39768
17 37211
18 40815
19 41675
20 37665
21 40549
22 32365
23 30496
24 49670
25 41277
26 37805
27 46756
28 39485
29 34644
30 36425
31 39762
32 43878
33 35610
34 38618
35 41113
36 37457
37 37765
38 37823
39 37321
40 36564
41 40339
42 41268
43 40639
44 34743
45 37901
46 35959
47 33963
48 41490
49 49834
50 37016
51 33157
52 39246
53 46748
54 38518
55 42112
56 38202
57 36520
58 42713
59 37980
