0 52088
1 41631
2 39598
3 41590
4 40326
5 34075
6 37155
7 36924
8 38637
9 40491
10 36565
11 37674
12 39261
13 33468
14 31757
15 40666
16 38609
17 39908
18 41834
19 40606
20 37335
21 38304
22 36965
23 32493
24 37770
25 31760
26 37761
27 36822
28 44329
29 40461
30 50432
31 42998
32 39962
33 37912
34 29608
35 42399
36 40112
37 43198
38 38230
39 38513
40 38447
41 42277
42 42597
43 40894
44 43252
45 40209
46 29056
47 40176
48 36044
49 35706
50 32041
51 36463
52 37956
53 37743
54 34940
55 35738
56 40269
57 38079
58 36676
59 26161
