0 243933
1 206338
2 202407
3 692529
4 638599
5 656995
6 1420316
7 1362065
8 1418902
9 2448489
10 2401444
11 2488764
12 2506018
13 2431177
14 2384299
15 2477448
16 2402407
17 2361712
18 2404425
19 2368432
20 2437859
21 2599669
22 2416638
23 2327936
24 2459530
25 2375457
26 2325614
27 2541283
28 2343567
29 2368975
30 2476911
31 2275167
32 2462544
33 2591463
34 2287868
35 2377678
36 2434775
37 2508049
38 2347205
39 2416918
40 2248799
41 2316609
42 2451127
43 2326774
44 2375975
45 2510552
46 2257592
47 2366626
48 2628224
49 2343757
50 2369571
51 2515336
52 2237331
53 2396220
54 2473292
55 2288207
56 2360023
57 2390131
58 2378268
59 2333470
60 2457178
61 2385026
62 2347814
63 2472861
64 2407191
65 2307628
66 2449581
67 2284986
68 2410679
69 2362938
70 2305592
71 2471485
72 2533083
73 2394100
74 2422448
75 2440790
76 2274510
77 2391704
78 2569477
79 2309647
80 2490770
81 2545415
82 2368165
83 2417944
84 2541574
85 2336258
86 2407032
87 2485219
88 2266433
89 2332278
90 2380533
91 2419209
92 2242652
93 2437266
94 2369582
95 2333279
96 2564381
97 2308804
98 2421757
99 2473648
100 2341906
101 2400448
102 2483442
103 2313359
104 2371616
105 2413683
106 2363015
107 2357556
108 2422353
109 2333378
110 2407516
111 2426784
112 2289612
113 2405801
114 2385190
115 2345964
116 2354022
117 2371315
118 2428991
119 2437508
120 2496249
121 2350878
122 2260953
123 2376275
124 2440309
125 2460963
126 2374785
127 2318415
128 2420273
129 2504144
130 2367463
131 1819421
