0 253810
1 193982
2 191279
3 620197
4 651889
5 627801
6 1428223
7 1396497
8 1376578
9 2478109
10 2437849
11 2275385
12 2524999
13 2292579
14 2348168
15 2491662
16 2476311
17 2286362
18 2610606
19 2405013
20 2402403
21 2533621
22 2383586
23 2372372
24 2504685
25 2246027
26 2423659
27 2611352
28 2406489
29 2284564
30 2455130
31 2268702
32 2276483
33 2531405
34 2310539
35 2531821
36 2449862
37 2332881
38 2330460
39 2503929
40 2527722
41 2354974
42 2475361
43 2318940
44 2326155
45 2393564
46 2296734
47 2325300
48 2387725
49 2400004
50 2366361
51 2494532
52 2445264
53 2399837
54 2458742
55 2347254
56 2339035
57 2572560
58 2339696
59 2333503
60 2418145
61 2439846
62 2338788
63 2421786
64 2293531
65 2343026
66 2519767
67 2382633
68 2393759
69 2470172
70 2460731
71 2358917
72 2504656
73 2303274
74 2317020
75 2422001
76 2387383
77 2294655
78 2408468
79 2362727
80 2321815
81 2531268
82 2389966
83 2353062
84 2496003
85 2320502
86 2398455
87 2447632
88 2362123
89 2350757
90 2328636
91 2256965
92 2224297
93 2499884
94 2365500
95 2321866
96 2525460
97 2551385
98 2300492
99 2597764
100 2367664
101 2380155
102 2307507
103 2398040
104 2353852
105 2531580
106 2241861
107 2251669
108 2528517
109 2359206
110 2429823
111 2548403
112 2460315
113 2411859
114 2480436
115 2420551
116 2241895
117 2406630
118 2289435
119 2354041
120 2509990
121 2281540
122 2368165
123 2372904
124 2423049
125 2207236
126 2364538
127 2241635
128 2292043
129 2433236
130 2388974
131 1861461
