0 239123
1 195973
2 183559
3 705808
4 638245
5 632340
6 1420834
7 1399809
8 1451997
9 2435898
10 2490958
11 2376539
12 2524491
13 2349661
14 2364838
15 2479490
16 2262447
17 2346066
18 2372875
19 2376579
20 2293057
21 2522825
22 2413220
23 2420926
24 2613243
25 2416055
26 2231970
27 2488253
28 2364133
29 2434419
30 2421899
31 2409545
32 2261603
33 2486175
34 2468931
35 2314429
36 2480341
37 2299261
38 2360425
39 2540681
40 2460565
41 2425786
42 2530431
43 2403362
44 2323906
45 2465043
46 2324552
47 2426761
48 2582311
49 2373758
50 2381813
51 2480992
52 2352463
53 2423434
54 2502481
55 2290428
56 2323828
57 2572479
58 2434267
59 2251510
60 2585252
61 2394118
62 2361373
63 2589473
64 2256887
65 2420028
66 2477027
67 2371866
68 2325080
69 2407442
70 2397902
71 2453636
72 2453824
73 2435654
74 2341170
75 2417907
76 2410291
77 2322626
78 2458358
79 2298232
80 2311059
81 2463981
82 2357486
83 2310891
84 2512216
85 2265001
86 2338070
87 2540764
88 2294678
89 2309913
90 2459135
91 2390715
92 2359361
93 2474998
94 2445183
95 2365005
96 2419621
97 2281749
98 2441732
99 2523543
100 2387340
101 2348889
102 2520615
103 2261893
104 2350987
105 2492177
106 2299951
107 2364552
108 2433125
109 2458903
110 2295719
111 2454363
112 2289330
113 2287277
114 2336541
115 2262519
116 2303294
117 2460915
118 2261280
119 2323107
120 2429208
121 2249125
122 2421411
123 2486221
124 2270300
125 2425004
126 2553707
127 2357490
128 2264203
129 2439490
130 2314653
131 1946828
