0 1442207
1 1166771
2 1135685
3 4138580
4 3900582
5 3888653
6 8735147
7 8449071
8 8401226
9 14920617
10 14358894
11 14264914
12 15249617
13 14334072
14 14342672
15 14906824
16 14306098
17 14242680
18 14720570
19 14116892
20 14244701
21 14906059
22 14409662
23 14337451
24 15021518
25 14345742
26 13957253
27 15039909
28 14311443
29 13973475
30 14920989
31 14106520
32 14061822
33 15025359
34 14194059
35 14258444
36 14930993
37 14060745
38 14150937
39 14898938
40 14262286
41 14016367
42 14911539
43 14183033
44 14044511
45 14792728
46 14040789
47 14150723
48 14915873
49 14238893
50 14012135
51 15055396
52 14060885
53 14265630
54 14876034
55 14183330
56 14294415
57 14809202
58 14217485
59 14002229
60 14938368
61 14271202
62 14247822
63 14871629
64 14123277
65 14286459
66 15020595
67 14158489
68 14070039
69 14667302
70 14242119
71 14358106
72 14894845
73 14194139
74 13966178
75 14615334
76 14226929
77 14169252
78 14742675
79 14071457
80 14133067
81 14940279
82 14033019
83 14278945
84 14771794
85 14076241
86 14188103
87 14975767
88 14106943
89 14247830
90 14705633
91 14182064
92 13925419
93 14841273
94 14033284
95 14132100
96 14931747
97 14342589
98 14011070
99 14983504
100 14162839
101 14104508
102 14683722
103 14076911
104 14166061
105 14867070
106 13952572
107 14004410
108 15041036
109 14219142
110 14100386
111 14668407
112 14174746
113 14234527
114 14902602
115 14097322
116 14215487
117 14635860
118 14162444
119 14013474
120 15062197
121 14042230
122 13830701
123 14810414
124 14191767
125 14136072
126 14659249
127 13975186
128 13987539
129 14995857
130 14097187
131 11229766
