0 243509
1 184505
2 179394
3 712560
4 623469
5 669326
6 1500796
7 1503973
8 1328789
9 2590438
10 2307888
11 2385030
12 2437775
13 2534634
14 2291613
15 2535791
16 2375805
17 2324799
18 2410831
19 2384921
20 2328450
21 2442786
22 2381549
23 2480648
24 2523641
25 2533467
26 2314017
27 2424739
28 2418472
29 2346514
30 2474741
31 2432316
32 2334805
33 2506728
34 2414938
35 2424380
36 2550962
37 2298720
38 2300417
39 2556443
40 2353982
41 2244936
42 2522671
43 2363971
44 2263490
45 2491055
46 2417617
47 2354234
48 2517881
49 2313201
50 2323830
51 2583680
52 2341625
53 2341827
54 2546197
55 2417924
56 2413835
57 2373072
58 2323798
59 2384644
60 2567897
61 2330514
62 2421329
63 2423686
64 2322411
65 2326976
66 2442126
67 2365504
68 2409937
69 2439323
70 2366949
71 2348274
72 2558657
73 2316489
74 2252372
75 2454979
76 2372540
77 2383544
78 2434791
79 2307409
80 2262959
81 2402534
82 2227704
83 2343591
84 2378112
85 2224611
86 2261511
87 2518288
88 2456689
89 2477688
90 2587847
91 2431211
92 2369407
93 2444172
94 2296330
95 2441301
96 2420679
97 2416236
98 2329163
99 2398822
100 2365097
101 2312191
102 2566365
103 2341156
104 2342871
105 2554715
106 2411017
107 2421063
108 2477595
109 2436470
110 2383443
111 2457871
112 2406983
113 2269234
114 2591647
115 2509352
116 2537996
117 2389924
118 2428039
119 2380581
120 2555078
121 2350492
122 2249102
123 2468032
124 2372121
125 2334705
126 2486162
127 2340124
128 2338126
129 2500375
130 2396030
131 1924216
