0 231935
1 186505
2 176826
3 647172
4 628829
5 657357
6 1461535
7 1369955
8 1470065
9 2584719
10 2351388
11 2314562
12 2715920
13 2362436
14 2539943
15 2441895
16 2380395
17 2499496
18 2592793
19 2279967
20 2401708
21 2437257
22 2402709
23 2433373
24 2392495
25 2295306
26 2291241
27 2498189
28 2380190
29 2284394
30 2573351
31 2340712
32 2424242
33 2490866
34 2396900
35 2281574
36 2458108
37 2325511
38 2414371
39 2427409
40 2390512
41 2339888
42 2370116
43 2281966
44 2348350
45 2513869
46 2372501
47 2369385
48 2482159
49 2419951
50 2317835
51 2452295
52 2346578
53 2335820
54 2395166
55 2421251
56 2463905
57 2424952
58 2364145
59 2369731
60 2442189
61 2405059
62 2276119
63 2405184
64 2428619
65 2419985
66 2646887
67 2442348
68 2238005
69 2432656
70 2341267
71 2433848
72 2494156
73 2400518
74 2376478
75 2406029
76 2331083
77 2320285
78 2371592
79 2375993
80 2368394
81 2556565
82 2315472
83 2439562
84 2418302
85 2462365
86 2363786
87 2410235
88 2318694
89 2419861
90 2443405
91 2292768
92 2318732
93 2566522
94 2245705
95 2303780
96 2552864
97 2269495
98 2269166
99 2534756
100 2460915
101 2325579
102 2340677
103 2353865
104 2398879
105 2353527
106 2334004
107 2338577
108 2642253
109 2310444
110 2338633
111 2304296
112 2360224
113 2406349
114 2604677
115 2242303
116 2470469
117 2467202
118 2367797
119 2231695
120 2538730
121 2409497
122 2295998
123 2640797
124 2458228
125 2276450
126 2450035
127 2294437
128 2319109
129 2498557
130 2315425
131 1894107
