0 229897
1 199468
2 202220
3 760314
4 719551
5 644834
6 1503443
7 1416772
8 1354895
9 2382964
10 2369367
11 2424634
12 2540414
13 2363585
14 2413811
15 2480538
16 2408733
17 2424245
18 2329040
19 2301980
20 2381224
21 2369901
22 2411960
23 2302196
24 2527924
25 2479430
26 2370752
27 2476093
28 2398592
29 2254609
30 2518957
31 2380078
32 2302145
33 2418722
34 2314883
35 2328562
36 2556945
37 2296323
38 2398059
39 2453558
40 2280706
41 2334174
42 2561833
43 2488020
44 2406635
45 2418645
46 2371793
47 2308417
48 2317573
49 2388222
50 2252725
51 2528561
52 2337624
53 2368492
54 2500156
55 2418266
56 2393789
57 2476008
58 2377311
59 2329371
60 2467707
61 2316639
62 2502399
63 2558639
64 2414638
65 2468816
66 2485207
67 2311152
68 2292579
69 2554771
70 2369678
71 2291946
72 2350469
73 2344104
74 2256690
75 2473628
76 2451122
77 2456438
78 2499989
79 2417449
80 2378070
81 2440516
82 2374226
83 2413895
84 2425587
85 2467504
86 2419249
87 2573629
88 2408326
89 2357333
90 2506077
91 2391196
92 2410970
93 2418431
94 2310984
95 2366869
96 2448742
97 2514920
98 2248760
99 2454971
100 2239917
101 2337246
102 2465116
103 2408598
104 2347856
105 2521388
106 2302724
107 2270993
108 2537193
109 2320741
110 2245252
111 2476690
112 2368282
113 2454007
114 2504111
115 2316633
116 2307811
117 2539874
118 2386902
119 2286542
120 2532942
121 2400698
122 2235072
123 2466185
124 2227760
125 2431714
126 2430022
127 2423085
128 2353785
129 2620055
130 2314642
131 1783733
