0 3842653
1 3404679
2 3424056
3 7394446
4 7106402
5 7077834
6 7434612
7 7052077
8 6889657
9 7265066
10 7055073
11 6905872
12 7368993
13 7049692
14 6891916
15 7154024
16 6851312
17 6822092
18 7352617
19 6814418
20 6848896
21 6999398
22 7013924
23 6844976
24 7303088
25 6763603
26 6886082
27 7232784
28 6872399
29 6887496
30 7344989
31 6857561
32 6961971
33 7021476
34 6846113
35 6863814
36 7324808
37 6749869
38 6866336
39 7231982
40 6849592
41 6867634
42 7284456
43 6829407
44 6865700
45 7100114
46 6947193
47 6903803
48 7247088
49 6867809
50 6806537
51 7065749
52 6831652
53 6821092
54 7296581
55 6776617
56 6767433
57 7000529
58 7002346
59 6857128
60 7413558
61 6898516
62 5781979
