0 3458388
1 3064211
2 3081650
3 6655001
4 6395762
5 6370051
6 6691151
7 6346869
8 6200691
9 6538559
10 6349566
11 6215285
12 6632094
13 6344723
14 6202724
15 6438622
16 6166181
17 6139883
18 6617355
19 6132976
20 6164006
21 6299458
22 6312532
23 6160478
24 6572779
25 6087243
26 6197474
27 6509506
28 6185159
29 6198746
30 6610490
31 6171805
32 6265774
33 6319328
34 6161502
35 6177433
36 6592327
37 6074882
38 6179702
39 6508784
40 6164633
41 6180871
42 6556010
43 6146466
44 6179130
45 6390103
46 6252474
47 6213423
48 6522379
49 6181028
50 6125883
51 6359174
52 6148487
53 6138983
54 6566923
55 6098955
56 6090690
57 6300476
58 6302111
59 6171415
60 6672202
61 6208664
62 5203781
