0 397338
1 310878
2 313531
3 750016
4 609865
5 690050
6 693630
7 664709
8 671740
9 689534
10 636927
11 589685
12 635055
13 627675
14 617263
15 660681
16 613967
17 601316
18 704405
19 650469
20 569997
21 649182
22 642104
23 589008
24 656643
25 616473
26 637984
27 690911
28 635884
29 610296
30 701933
31 623323
32 642818
33 650753
34 659191
35 593703
36 650041
37 631031
38 574193
39 673854
40 592138
41 626145
42 643317
43 589622
44 590878
45 695948
46 596776
47 642854
48 646521
49 595782
50 698152
51 649053
52 596775
53 664183
54 688385
55 629279
56 619707
57 651487
58 622764
59 646393
60 625207
61 640576
62 535117
