0 305804
1 306610
2 299564
3 586810
4 619347
5 673602
6 692917
7 656119
8 602789
9 649136
10 644588
11 633703
12 603246
13 636481
14 576789
15 615495
16 627978
17 619948
18 662761
19 583671
20 593399
21 613387
22 585575
23 589484
24 689982
25 628888
26 612269
27 595204
28 589453
29 640462
30 670337
31 606985
32 613754
33 548579
34 628590
35 582518
36 706849
37 574379
38 616606
39 641505
40 622588
41 625139
42 657851
43 589856
44 662252
45 636082
46 561529
47 641394
48 645003
49 669142
50 653693
51 659385
52 605731
53 580137
54 652825
55 602858
56 601631
57 611032
58 652674
59 569319
60 618084
61 590940
62 558738
