0 345892
1 306395
2 298762
3 643463
4 684186
5 603141
6 657282
7 618472
8 628720
9 680939
10 630099
11 558804
12 659273
13 712178
14 594322
15 645991
16 657040
17 632035
18 591065
19 618697
20 673865
21 585023
22 677174
23 576897
24 645103
25 600937
26 610601
27 674900
28 641297
29 648552
30 695277
31 621222
32 602280
33 587347
34 663596
35 713578
36 662108
37 643268
38 660554
39 636891
40 591149
41 665352
42 650558
43 617014
44 628162
45 644610
46 706035
47 624634
48 666685
49 584095
50 602254
51 603829
52 622540
53 604233
54 620293
55 563273
56 627466
57 669190
58 633499
59 696820
60 643977
61 633184
62 495389
