0 353347
1 302717
2 323392
3 685183
4 675442
5 649955
6 661023
7 677018
8 584358
9 631905
10 660576
11 665124
12 707619
13 614210
14 671670
15 656645
16 663058
17 638111
18 722246
19 647577
20 626542
21 657121
22 614633
23 606496
24 638264
25 606551
26 645963
27 649639
28 612818
29 579047
30 682281
31 645622
32 663969
33 681684
34 618846
35 610301
36 645708
37 624173
38 661665
39 656047
40 663501
41 552077
42 684054
43 582134
44 672159
45 661825
46 627185
47 576380
48 635060
49 660731
50 661481
51 611278
52 682775
53 599098
54 683857
55 587718
56 593551
57 595509
58 629845
59 650605
60 695035
61 606063
62 534330
