0 333678
1 304043
2 316834
3 630101
4 614011
5 618050
6 621082
7 627982
8 602879
9 678620
10 603913
11 640890
12 690985
13 604200
14 603980
15 587853
16 606287
17 614166
18 680368
19 617530
20 609300
21 637423
22 631161
23 603835
24 614462
25 582277
26 622685
27 642498
28 603015
29 594949
30 635198
31 610388
32 639350
33 615414
34 598054
35 666411
36 672545
37 622564
38 608872
39 626740
40 578962
41 627464
42 630744
43 629647
44 557684
45 600231
46 609681
47 590699
48 676645
49 566328
50 577813
51 573333
52 589913
53 644644
54 641964
55 647419
56 559839
57 585908
58 650683
59 600244
60 639728
61 667150
62 553497
