0 302808
1 309053
2 290858
3 664325
4 596222
5 596066
6 641380
7 589763
8 586089
9 587627
10 710925
11 582962
12 681083
13 600425
14 614665
15 602392
16 638978
17 624280
18 668352
19 551570
20 635166
21 643742
22 629330
23 654961
24 618198
25 587926
26 633335
27 657522
28 663920
29 621863
30 635138
31 634431
32 595560
33 664338
34 700499
35 639748
36 627549
37 589108
38 631275
39 657280
40 590015
41 609599
42 631408
43 611793
44 609870
45 637652
46 592814
47 586274
48 634721
49 626732
50 628411
51 631796
52 602734
53 583594
54 656653
55 577006
56 613320
57 615451
58 598510
59 603296
60 694061
61 586357
62 486616
