0 360444
1 308057
2 326764
3 702116
4 673922
5 699737
6 684646
7 611042
8 625491
9 666239
10 635954
11 675114
12 675162
13 603958
14 629819
15 653819
16 648420
17 646092
18 652352
19 604613
20 592937
21 664024
22 630474
23 653694
24 667170
25 588369
26 623410
27 625652
28 589596
29 641583
30 630726
31 570977
32 649865
33 606889
34 573389
35 640964
36 674240
37 609335
38 596949
39 652632
40 670917
41 646619
42 676594
43 640108
44 598417
45 641819
46 617014
47 621396
48 673892
49 596984
50 601157
51 632079
52 627970
53 564068
54 689712
55 642851
56 643927
57 684334
58 623148
59 629397
60 684172
61 610930
62 515809
