0 353696
1 301064
2 286580
3 639776
4 627523
5 623536
6 654361
7 674140
8 670012
9 631973
10 606496
11 597257
12 669521
13 640452
14 625276
15 658839
16 590225
17 610558
18 655277
19 604712
20 667847
21 617529
22 667182
23 568311
24 689326
25 622395
26 592795
27 652542
28 608841
29 603124
30 632697
31 626918
32 643903
33 670051
34 537376
35 524197
36 647235
37 588734
38 623095
39 640432
40 634742
41 608711
42 668880
43 657503
44 616620
45 580803
46 635258
47 638384
48 625275
49 615411
50 582268
51 629781
52 596949
53 621556
54 622832
55 579719
56 619334
57 562850
58 598182
59 605539
60 652426
61 613764
62 470560
