0 391373
1 336027
2 312396
3 691209
4 657756
5 609243
6 709488
7 610641
8 659947
9 686049
10 611355
11 649909
12 702269
13 645145
14 652166
15 711459
16 573277
17 597809
18 649095
19 636506
20 592310
21 598986
22 614785
23 660960
24 686708
25 639050
26 675748
27 678655
28 649308
29 647695
30 672393
31 614251
32 626726
33 675734
34 606826
35 600199
36 702469
37 622154
38 601116
39 622409
40 635127
41 622515
42 686685
43 659645
44 650047
45 677162
46 698889
47 673585
48 630380
49 691893
50 518939
51 683475
52 599101
53 655197
54 687217
55 648342
56 609094
57 735820
58 662758
59 590232
60 717290
61 634876
62 564638
