0 314008
1 279367
2 312969
3 662002
4 637488
5 606671
6 675342
7 616983
8 568666
9 636537
10 608733
11 621837
12 607881
13 659999
14 616774
15 645448
16 546951
17 555568
18 631434
19 617631
20 602643
21 633041
22 620114
23 656832
24 666923
25 614377
26 542684
27 641983
28 591027
29 611175
30 654510
31 617688
32 587549
33 618539
34 575135
35 605814
36 603583
37 570136
38 605377
39 700994
40 585494
41 597250
42 625919
43 569144
44 593041
45 613971
46 607293
47 617823
48 688197
49 573930
50 601715
51 685165
52 623999
53 622273
54 623185
55 620490
56 602821
57 588895
58 630048
59 579570
60 702222
61 624824
62 489087
