0 144213
1 111966
2 102153
3 323317
4 325396
5 330613
6 725815
7 622070
8 650562
9 1095176
10 1079584
11 1051397
12 1792504
13 1640804
14 1603446
15 2369177
16 2284023
17 2339400
18 2330228
19 2360427
20 2287660
21 2425421
22 2346397
23 2153998
24 2345363
25 2241234
26 2272775
27 2310911
28 2190159
29 2138050
30 2327787
31 2171854
32 2259663
33 2265682
34 2117102
35 2300177
36 2194630
37 2206748
38 2232248
39 2301942
40 2239324
41 2150399
42 2301302
43 2231427
44 2264050
45 2275401
46 2313750
47 2181549
48 2379720
49 2200382
50 2198121
51 2347801
52 2027530
53 2217453
54 2268229
55 2222411
56 2078098
57 2258443
58 2215527
59 2075668
60 2333966
61 2185656
62 2222182
63 2375924
64 2293844
65 2267558
66 2265368
67 2203162
68 2269776
69 2336964
70 2174817
71 2214302
72 2391629
73 2296165
74 2295892
75 2278609
76 2164095
77 2268102
78 2275883
79 2161480
80 2182918
81 2427482
82 2315460
83 2301737
84 2308931
85 2238974
86 2228590
87 2463636
88 2166443
89 2181617
90 2141623
91 2163006
92 2113412
93 2381817
94 2035435
95 2184889
96 2292094
97 2133123
98 2295766
99 2361365
100 2251318
101 2338928
102 2296891
103 2223520
104 2188210
105 2270096
106 2252189
107 2079850
108 2298059
109 2188506
110 2171737
111 2296865
112 2203741
113 2270860
114 2383963
115 2278869
116 2273233
117 2314942
118 2221742
119 1618944
