0 73108
1 55036
2 51305
3 161403
4 164345
5 166385
6 370512
7 310560
8 325566
9 561234
10 533468
11 529534
12 884798
13 820869
14 806359
15 1168187
16 1151936
17 1153717
18 1171573
19 1180203
20 1144559
21 1207032
22 1176638
23 1072178
24 1178209
25 1115123
26 1128169
27 1153961
28 1096911
29 1061018
30 1167614
31 1082347
32 1129950
33 1123804
34 1057591
35 1155729
36 1102459
37 1099313
38 1118621
39 1141159
40 1116318
41 1074727
42 1151530
43 1112895
44 1134854
45 1150838
46 1155043
47 1079556
48 1196349
49 1100657
50 1089816
51 1174865
52 1013196
53 1105496
54 1139417
55 1114237
56 1030581
57 1126534
58 1101126
59 1038801
60 1164678
61 1094511
62 1113131
63 1192767
64 1148338
65 1131029
66 1126953
67 1103657
68 1142338
69 1169126
70 1100540
71 1108096
72 1199077
73 1157298
74 1146535
75 1146886
76 1086503
77 1134550
78 1140735
79 1077933
80 1086957
81 1216565
82 1152831
83 1151425
84 1159135
85 1119769
86 1107734
87 1231530
88 1078320
89 1083957
90 1081302
91 1086699
92 1053456
93 1189200
94 1022317
95 1093098
96 1142379
97 1058773
98 1150678
99 1173634
100 1123984
101 1164627
102 1150099
103 1108533
104 1085385
105 1134915
106 1131643
107 1042278
108 1153487
109 1088494
110 1081465
111 1143047
112 1103721
113 1132588
114 1190303
115 1145822
116 1132729
117 1155482
118 1113491
119 805286
