0 71105
1 56930
2 50848
3 161914
4 161051
5 164228
6 355303
7 311510
8 324996
9 533942
10 546116
11 521863
12 907706
13 819935
14 797087
15 1200990
16 1132087
17 1185683
18 1158655
19 1180224
20 1143101
21 1218389
22 1169759
23 1081820
24 1167154
25 1126111
26 1144606
27 1156950
28 1093248
29 1077032
30 1160173
31 1089507
32 1129713
33 1141878
34 1059511
35 1144448
36 1092171
37 1107435
38 1113627
39 1160783
40 1123006
41 1075672
42 1149772
43 1118532
44 1129196
45 1124563
46 1158707
47 1101993
48 1183371
49 1099725
50 1108305
51 1172936
52 1014334
53 1111957
54 1128812
55 1108174
56 1047517
57 1131909
58 1114401
59 1036867
60 1169288
61 1091145
62 1109051
63 1183157
64 1145506
65 1136529
66 1138415
67 1099505
68 1127438
69 1167838
70 1074277
71 1106206
72 1192552
73 1138867
74 1149357
75 1131723
76 1077592
77 1133552
78 1135148
79 1083547
80 1095961
81 1210917
82 1162629
83 1150312
84 1149796
85 1119205
86 1120856
87 1232106
88 1088123
89 1097660
90 1060321
91 1076307
92 1059956
93 1192617
94 1013118
95 1091791
96 1149715
97 1074350
98 1145088
99 1187731
100 1127334
101 1174301
102 1146792
103 1114987
104 1102825
105 1135181
106 1120546
107 1037572
108 1144572
109 1100012
110 1090272
111 1153818
112 1100020
113 1138272
114 1193660
115 1133047
116 1140504
117 1159460
118 1108251
119 813658
