0 145238
1 114851
2 107662
3 389846
4 295765
5 322573
6 712217
7 663046
8 633171
9 1162638
10 1074322
11 1065365
12 1760776
13 1589199
14 1695717
15 2328621
16 2289193
17 2194870
18 2364991
19 2255295
20 2247577
21 2383583
22 2159441
23 2192639
24 2239118
25 2160779
26 2157825
27 2387421
28 2314757
29 2196101
30 2336640
31 2212347
32 2215014
33 2305806
34 2189959
35 2241821
36 2365358
37 2123240
38 2111561
39 2223190
40 2088208
41 2108099
42 2326443
43 2289456
44 2233410
45 2280439
46 2235950
47 2178147
48 2266145
49 2306702
50 2198844
51 2294558
52 2165805
53 2199131
54 2351345
55 2168594
56 2152145
57 2277868
58 2192416
59 2262078
60 2373735
61 2163901
62 2285398
63 2334449
64 2124678
65 2320362
66 2316472
67 2259202
68 2249855
69 2345817
70 2245932
71 2302465
72 2414381
73 2177624
74 2268113
75 2342191
76 2241820
77 2163768
78 2277381
79 2205643
80 2341738
81 2318314
82 2208924
83 2209330
84 2290153
85 2190804
86 2131855
87 2243227
88 2296431
89 2161861
90 2201133
91 2153384
92 2324474
93 2286505
94 2189879
95 2255515
96 2284634
97 2184780
98 2204562
99 2389734
100 2253203
101 2270811
102 2260358
103 2196606
104 2233963
105 2305569
106 2110412
107 2310536
108 2340974
109 2122452
110 2283092
111 2316149
112 2145625
113 2304814
114 2255321
115 2246340
116 2270315
117 2285974
118 2242194
119 1624449
