0 69907
1 59001
2 52136
3 193087
4 148107
5 162980
6 351469
7 331313
8 316166
9 572862
10 537433
11 532908
12 884142
13 791278
14 850818
15 1194057
16 1139594
17 1095716
18 1181209
19 1121953
20 1123067
21 1186365
22 1076797
23 1093191
24 1123215
25 1075271
26 1083522
27 1202731
28 1160019
29 1103429
30 1169658
31 1109309
32 1104062
33 1150946
34 1086740
35 1115244
36 1179684
37 1058586
38 1046962
39 1111295
40 1041501
41 1051967
42 1165312
43 1147178
44 1120044
45 1147903
46 1116491
47 1088713
48 1138416
49 1156091
50 1100340
51 1150405
52 1082904
53 1100367
54 1174873
55 1080299
56 1077777
57 1140761
58 1092826
59 1129196
60 1186948
61 1076128
62 1149694
63 1163846
64 1071977
65 1162934
66 1167225
67 1130956
68 1123438
69 1172009
70 1118428
71 1154160
72 1201524
73 1095717
74 1134987
75 1180171
76 1119300
77 1086003
78 1137602
79 1105984
80 1178281
81 1160494
82 1091835
83 1112092
84 1146212
85 1097154
86 1073999
87 1117225
88 1153464
89 1072287
90 1095817
91 1067619
92 1154894
93 1139135
94 1089665
95 1132883
96 1135923
97 1089320
98 1100858
99 1203062
100 1135545
101 1131032
102 1130273
103 1093043
104 1112523
105 1157867
106 1057731
107 1153339
108 1173696
109 1063627
110 1146816
111 1152393
112 1072785
113 1151152
114 1133386
115 1119581
116 1134923
117 1148665
118 1121167
119 803174
