0 75331
1 55850
2 55526
3 196759
4 147658
5 159593
6 360748
7 331733
8 317005
9 589776
10 536889
11 532457
12 876634
13 797921
14 844899
15 1134564
16 1149599
17 1099154
18 1183782
19 1133342
20 1124510
21 1197218
22 1082644
23 1099448
24 1115903
25 1085508
26 1074303
27 1184690
28 1154738
29 1092672
30 1166982
31 1103038
32 1110952
33 1154860
34 1103219
35 1126577
36 1185674
37 1064654
38 1064599
39 1111895
40 1046707
41 1056132
42 1161131
43 1142278
44 1113366
45 1132536
46 1119459
47 1089434
48 1127729
49 1150611
50 1098504
51 1144153
52 1082901
53 1098764
54 1176472
55 1088295
56 1074368
57 1137107
58 1099590
59 1132882
60 1186787
61 1087773
62 1135704
63 1170603
64 1052701
65 1157428
66 1149247
67 1128246
68 1126417
69 1173808
70 1127504
71 1148305
72 1212857
73 1081907
74 1133126
75 1162020
76 1122520
77 1077765
78 1139779
79 1099659
80 1163457
81 1157820
82 1117089
83 1097238
84 1143941
85 1093650
86 1057856
87 1126002
88 1142967
89 1089574
90 1105316
91 1085765
92 1169580
93 1147370
94 1100214
95 1122632
96 1148711
97 1095460
98 1103704
99 1186672
100 1117658
101 1139779
102 1130085
103 1103563
104 1121440
105 1147702
106 1052681
107 1157197
108 1167278
109 1058825
110 1136276
111 1163756
112 1072840
113 1153662
114 1121935
115 1126759
116 1135392
117 1137309
118 1121027
119 821275
