0 4046513
1 3530476
2 3461940
3 13397613
4 12503946
5 12320884
6 28210669
7 26772132
8 26728936
9 27543701
10 27190054
11 26680321
12 28408847
13 26320276
14 26795943
15 27515963
16 26500926
17 26354939
18 28110602
19 26607537
20 26678690
21 27031459
22 26777531
23 26814467
24 28056157
25 26515391
26 26567956
27 27175153
28 26364649
29 26803404
30 28091398
31 26540140
32 26537839
33 27272636
34 26573421
35 26342903
36 28430954
37 26551770
38 26273861
39 27412636
40 26447007
41 26615653
42 28087674
43 26443560
44 26200822
45 27211501
46 26299891
47 26235683
48 28522907
49 26473528
50 26427660
51 27265139
52 26551427
53 26347508
54 28098109
55 26606536
56 26425390
57 27195021
58 26219643
59 26447257
60 28468939
61 26440796
62 26240373
63 27238294
64 26273592
65 26307423
66 28022088
67 26398362
68 20834620
