0 384063
1 309734
2 323766
3 1130265
4 1122140
5 1164922
6 2580829
7 2379661
8 2461903
9 2537575
10 2411984
11 2553478
12 2547741
13 2402936
14 2531475
15 2459678
16 2488189
17 2389993
18 2534331
19 2275552
20 2395351
21 2419888
22 2450330
23 2434203
24 2574340
25 2384288
26 2416594
27 2547927
28 2466081
29 2397066
30 2482990
31 2346399
32 2341400
33 2294326
34 2391666
35 2406075
36 2566201
37 2408564
38 2382789
39 2438872
40 2384220
41 2468426
42 2485188
43 2350917
44 2281423
45 2341859
46 2327507
47 2278235
48 2630286
49 2446020
50 2372564
51 2494833
52 2464717
53 2329613
54 2603932
55 2435294
56 2391887
57 2483664
58 2380961
59 2342411
60 2614128
61 2315456
62 2348367
63 2515770
64 2300836
65 2391287
66 2621863
67 2463132
68 1931902
