0 383264
1 320738
2 303242
3 1174058
4 1157480
5 1135031
6 2557934
7 2307430
8 2376021
9 2501154
10 2401988
11 2362078
12 2524945
13 2342093
14 2459446
15 2482694
16 2310821
17 2359199
18 2628898
19 2412979
20 2360368
21 2456975
22 2266995
23 2453646
24 2476232
25 2452490
26 2417546
27 2374383
28 2320358
29 2346552
30 2453862
31 2355215
32 2386828
33 2395078
34 2386990
35 2344224
36 2408046
37 2453727
38 2269450
39 2472424
40 2451465
41 2461425
42 2495599
43 2422728
44 2436378
45 2443132
46 2318930
47 2344691
48 2477183
49 2452868
50 2347767
51 2297577
52 2409285
53 2408084
54 2449897
55 2305672
56 2372094
57 2341404
58 2250253
59 2372282
60 2492693
61 2308945
62 2427718
63 2547340
64 2386479
65 2358082
66 2524843
67 2215355
68 1886323
