0 330591
1 321161
2 318921
3 1248859
4 1231998
5 1098855
6 2381833
7 2293595
8 2413510
9 2340168
10 2403081
11 2430314
12 2608863
13 2428762
14 2470522
15 2533548
16 2253292
17 2394256
18 2491957
19 2508359
20 2355881
21 2457980
22 2474787
23 2370909
24 2481930
25 2432473
26 2340189
27 2394011
28 2265788
29 2295873
30 2555395
31 2353436
32 2416070
33 2445766
34 2503991
35 2425261
36 2552312
37 2489760
38 2433447
39 2447597
40 2392093
41 2291368
42 2760062
43 2419111
44 2288789
45 2536168
46 2394961
47 2475499
48 2490588
49 2369875
50 2385794
51 2509826
52 2339111
53 2384706
54 2524315
55 2483110
56 2458330
57 2431890
58 2229883
59 2400317
60 2746848
61 2380282
62 2364568
63 2397419
64 2249434
65 2256392
66 2334968
67 2490567
68 1958329
