0 377529
1 282185
2 313243
3 1197623
4 1163243
5 1099222
6 2668326
7 2490629
8 2365873
9 2407910
10 2440412
11 2385271
12 2612127
13 2310536
14 2361888
15 2501910
16 2427210
17 2387290
18 2569695
19 2567363
20 2401369
21 2544895
22 2381862
23 2334906
24 2506382
25 2318190
26 2272272
27 2597382
28 2338264
29 2357963
30 2548621
31 2281195
32 2303753
33 2578601
34 2350105
35 2382576
36 2599462
37 2310970
38 2437432
39 2445475
40 2298691
41 2328646
42 2436471
43 2335908
44 2413589
45 2338206
46 2324681
47 2390071
48 2585792
49 2432101
50 2246319
51 2450009
52 2554675
53 2466805
54 2575997
55 2462604
56 2424290
57 2454918
58 2235236
59 2171130
60 2586062
61 2275896
62 2459716
63 2506718
64 2496706
65 2375114
66 2625364
67 2422491
68 1908974
