0 391855
1 313321
2 291183
3 1201754
4 1116918
5 1112286
6 2477724
7 2388049
8 2253203
9 2511333
10 2520838
11 2445230
12 2509634
13 2366092
14 2392874
15 2604558
16 2402548
17 2481195
18 2494721
19 2330104
20 2366754
21 2347001
22 2547707
23 2465338
24 2488080
25 2316587
26 2334334
27 2506929
28 2345860
29 2490895
30 2595375
31 2351422
32 2306153
33 2375832
34 2487469
35 2475650
36 2506781
37 2311036
38 2260274
39 2387731
40 2351814
41 2547272
42 2590148
43 2425599
44 2315092
45 2430003
46 2313980
47 2412127
48 2568330
49 2313618
50 2354120
51 2418795
52 2435365
53 2234074
54 2452638
55 2338610
56 2302193
57 2643111
58 2463397
59 2406571
60 2586822
61 2501846
62 2311961
63 2453022
64 2362188
65 2356442
66 2550161
67 2374616
68 1830503
