0 345276
1 314457
2 289337
3 1180010
4 1092220
5 1050703
6 2670804
7 2456627
8 2246695
9 2558445
10 2352029
11 2306964
12 2607351
13 2419701
14 2551170
15 2564839
16 2403045
17 2354963
18 2492849
19 2312175
20 2321967
21 2412559
22 2507639
23 2492746
24 2528459
25 2317607
26 2229997
27 2344182
28 2269031
29 2428199
30 2533046
31 2499056
32 2421757
33 2503503
34 2320004
35 2275147
36 2520177
37 2379866
38 2471491
39 2617287
40 2371405
41 2236192
42 2621539
43 2381208
44 2379579
45 2482302
46 2424193
47 2223666
48 2541092
49 2453006
50 2362504
51 2546003
52 2366393
53 2337988
54 2566339
55 2320617
56 2399058
57 2479056
58 2488030
59 2374852
60 2461532
61 2245890
62 2493160
63 2344995
64 2135127
65 2405349
66 2560149
67 2447473
68 1823919
