0 357970
1 312513
2 314663
3 1219977
4 1070891
5 1021116
6 2526329
7 2534708
8 2440286
9 2563542
10 2468435
11 2388063
12 2529949
13 2342957
14 2393944
15 2456593
16 2336157
17 2333983
18 2540657
19 2482875
20 2446198
21 2463163
22 2469039
23 2307867
24 2625183
25 2346496
26 2520109
27 2474669
28 2483521
29 2438831
30 2417880
31 2338222
32 2453880
33 2532859
34 2398727
35 2371843
36 2707180
37 2336080
38 2396243
39 2433626
40 2374307
41 2455027
42 2504171
43 2379026
44 2350508
45 2509352
46 2317575
47 2367964
48 2510745
49 2282948
50 2376905
51 2510834
52 2374807
53 2474894
54 2698625
55 2408254
56 2409949
57 2452051
58 2431838
59 2355394
60 2447914
61 2473105
62 2174837
63 2428109
64 2462567
65 2434953
66 2444457
67 2370838
68 1921043
