0 325001
1 331981
2 347160
3 1194536
4 1164202
5 1142829
6 2524164
7 2433695
8 2434902
9 2348162
10 2539949
11 2425681
12 2576070
13 2393802
14 2260224
15 2373926
16 2438636
17 2417336
18 2457764
19 2339712
20 2462388
21 2500136
22 2337679
23 2427843
24 2602901
25 2517845
26 2395591
27 2390251
28 2406159
29 2449507
30 2523463
31 2476743
32 2379020
33 2502677
34 2405048
35 2351001
36 2481270
37 2291928
38 2269441
39 2429733
40 2463700
41 2354539
42 2490443
43 2254316
44 2468260
45 2430809
46 2365828
47 2261267
48 2506628
49 2453748
50 2520939
51 2563898
52 2307814
53 2352375
54 2488012
55 2416030
56 2426044
57 2298555
58 2327389
59 2424841
60 2588599
61 2273614
62 2317597
63 2405528
64 2467479
65 2397542
66 2495042
67 2353759
68 1812816
