0 372525
1 329802
2 290899
3 1297862
4 1127697
5 1124252
6 2543770
7 2439201
8 2622032
9 2506038
10 2495226
11 2251362
12 2482683
13 2329743
14 2398835
15 2335164
16 2382140
17 2336647
18 2578102
19 2243700
20 2546185
21 2267133
22 2377817
23 2474172
24 2492276
25 2445722
26 2479411
27 2459966
28 2333124
29 2467828
30 2648853
31 2352773
32 2411091
33 2483764
34 2407395
35 2294897
36 2635781
37 2495564
38 2304398
39 2543641
40 2422132
41 2404911
42 2538224
43 2450254
44 2162681
45 2451414
46 2491042
47 2448763
48 2703856
49 2338420
50 2337654
51 2299928
52 2288480
53 2366254
54 2345533
55 2337404
56 2296551
57 2452011
58 2384109
59 2391784
60 2557201
61 2471184
62 2401350
63 2438352
64 2341072
65 2243950
66 2488103
67 2192963
68 1832172
