0 373788
1 341536
2 323332
3 1212908
4 1006762
5 1139580
6 2457889
7 2371324
8 2441617
9 2515004
10 2437107
11 2463848
12 2568599
13 2351626
14 2295971
15 2451457
16 2408795
17 2264583
18 2510568
19 2473964
20 2354360
21 2458583
22 2285923
23 2371390
24 2474758
25 2332154
26 2505117
27 2367938
28 2499998
29 2450350
30 2522773
31 2531665
32 2464103
33 2432966
34 2264684
35 2381939
36 2610649
37 2419098
38 2421510
39 2454986
40 2292479
41 2406282
42 2357062
43 2380137
44 2484441
45 2527106
46 2391205
47 2409832
48 2656116
49 2283571
50 2480328
51 2446922
52 2355637
53 2357964
54 2583010
55 2438287
56 2302455
57 2438859
58 2406583
59 2562949
60 2540246
61 2550498
62 2317062
63 2477212
64 2444345
65 2457570
66 2574929
67 2427332
68 1845177
