0 3641862
1 3177428
2 3115746
3 12057852
4 11253551
5 11088796
6 25389602
7 24094919
8 24056042
9 24789331
10 24471049
11 24012289
12 25567962
13 23688248
14 24116349
15 24764367
16 23850833
17 23719445
18 25299542
19 23946783
20 24010821
21 24328313
22 24099778
23 24133020
24 25250541
25 23863852
26 23911160
27 24457638
28 23728184
29 24123064
30 25282258
31 23886126
32 23884055
33 24545372
34 23916079
35 23708613
36 25587859
37 23896593
38 23646475
39 24671372
40 23802306
41 23954088
42 25278907
43 23799204
44 23580740
45 24490351
46 23669902
47 23612115
48 25670616
49 23826175
50 23784894
51 24538625
52 23896284
53 23712757
54 25288298
55 23945882
56 23782851
57 24475519
58 23597679
59 23802531
60 25622045
61 23796716
62 23616336
63 24514465
64 23646233
65 23676681
66 25219879
67 23758526
68 18751158
