0 390374
1 306340
2 311651
3 1197459
4 1145085
5 1079988
6 2481491
7 2460003
8 2388188
9 2442203
10 2354127
11 2394934
12 2513331
13 2414733
14 2369847
15 2481834
16 2392528
17 2487381
18 2540803
19 2469119
20 2286042
21 2533794
22 2384760
23 2431089
24 2527912
25 2363682
26 2261139
27 2458915
28 2393950
29 2325054
30 2430151
31 2473930
32 2384683
33 2527992
34 2367225
35 2307386
36 2447562
37 2539607
38 2289951
39 2546871
40 2326387
41 2396464
42 2525913
43 2218496
44 2495800
45 2448059
46 2323143
47 2393326
48 2476241
49 2455534
50 2398615
51 2461655
52 2295752
53 2465342
54 2435394
55 2256086
56 2376845
57 2292229
58 2381889
59 2446718
60 2679653
61 2358632
62 2386527
63 2510687
64 2514342
65 2426173
66 2557271
67 2400930
68 2440245
69 2433572
70 2351055
71 2250476
72 2602842
73 2478499
74 2376749
75 2398502
76 2210927
77 2404160
78 2460122
79 2575544
80 2322845
81 2395634
82 2327140
83 2372807
84 2444180
85 2365393
86 2306620
87 2467329
88 2307015
89 2307552
90 2523253
91 2304053
92 2374935
93 2476482
94 2393191
95 2467880
96 2432970
97 2340348
98 2339363
99 2502888
100 2331366
101 2300415
102 2615598
103 2531816
104 2232451
105 2453779
106 2432071
107 2312121
108 2673325
109 2388821
110 2348680
111 2447534
112 2237672
113 2288704
114 2559198
115 2357498
116 2371633
117 2470717
118 2359052
119 2325777
120 2467252
121 2392785
122 2391821
123 2392374
124 2289386
125 2248642
126 2548500
127 2515445
128 2041529
