0 360673
1 315581
2 332559
3 1161458
4 1160993
5 1144879
6 2509928
7 2367586
8 2457650
9 2406057
10 2316590
11 2373938
12 2782959
13 2475529
14 2541775
15 2497507
16 2407016
17 2301118
18 2591433
19 2459400
20 2526209
21 2416805
22 2521007
23 2225262
24 2550078
25 2509688
26 2339348
27 2419195
28 2224510
29 2394298
30 2402785
31 2367679
32 2332299
33 2369938
34 2471575
35 2393344
36 2587390
37 2377195
38 2420063
39 2426145
40 2322690
41 2356403
42 2535830
43 2386450
44 2413374
45 2487205
46 2267495
47 2345659
48 2326808
49 2367004
50 2376484
51 2461383
52 2419956
53 2221633
54 2538865
55 2328250
56 2452662
57 2576482
58 2306567
59 2317343
60 2580326
61 2450897
62 2422894
63 2504043
64 2343128
65 2332679
66 2643806
67 2364738
68 2201636
69 2291013
70 2327049
71 2406547
72 2567357
73 2423703
74 2499624
75 2453598
76 2348193
77 2497103
78 2493724
79 2352479
80 2298476
81 2354296
82 2363730
83 2404780
84 2581439
85 2275925
86 2361428
87 2358990
88 2484373
89 2347303
90 2442110
91 2272999
92 2246729
93 2545315
94 2455338
95 2351594
96 2576795
97 2450475
98 2283935
99 2503289
100 2423431
101 2306936
102 2451975
103 2428620
104 2428754
105 2444302
106 2382192
107 2343757
108 2488685
109 2273377
110 2314508
111 2319124
112 2382806
113 2418401
114 2373514
115 2365849
116 2316175
117 2389209
118 2362603
119 2290223
120 2457739
121 2419101
122 2303757
123 2391205
124 2442242
125 2422001
126 2689369
127 2357850
128 2001056
