0 366235
1 319746
2 258980
3 1182472
4 1125506
5 1113906
6 2493863
7 2318322
8 2381578
9 2544861
10 2289285
11 2466135
12 2430881
13 2401326
14 2310705
15 2564934
16 2332129
17 2358932
18 2549163
19 2335589
20 2368091
21 2328615
22 2452818
23 2284732
24 2637451
25 2427211
26 2382650
27 2615650
28 2425730
29 2439955
30 2618047
31 2297848
32 2302429
33 2592720
34 2437978
35 2452974
36 2531781
37 2465958
38 2324081
39 2364684
40 2240587
41 2504105
42 2392798
43 2482665
44 2356204
45 2452006
46 2344297
47 2522353
48 2449689
49 2294553
50 2227508
51 2358042
52 2385845
53 2293589
54 2503478
55 2431988
56 2393895
57 2458422
58 2383874
59 2349204
60 2472325
61 2331525
62 2288369
63 2416419
64 2253575
65 2449711
66 2489846
67 2383999
68 2371677
69 2422921
70 2362086
71 2453705
72 2599215
73 2376731
74 2418983
75 2445388
76 2458050
77 2396986
78 2541233
79 2514346
80 2408130
81 2365257
82 2170492
83 2364121
84 2581696
85 2399087
86 2392966
87 2579767
88 2351344
89 2464646
90 2548519
91 2489327
92 2354846
93 2546422
94 2430550
95 2219637
96 2449463
97 2430875
98 2428437
99 2416376
100 2433844
101 2473156
102 2583164
103 2356843
104 2236316
105 2508729
106 2321078
107 2343778
108 2569528
109 2328154
110 2403097
111 2502070
112 2369747
113 2451411
114 2507912
115 2395659
116 2401470
117 2461395
118 2415086
119 2413760
120 2629836
121 2328503
122 2332494
123 2311380
124 2274915
125 2364842
126 2503050
127 2345573
128 2069914
