0 3713022
1 3211354
2 3171935
3 11724972
4 11227544
5 11175050
6 24849896
7 24313094
8 24029640
9 25041850
10 24010158
11 23930352
12 26039902
13 23934502
14 23736254
15 24655213
16 23827973
17 24090409
18 25190177
19 24491015
20 23973570
21 24467204
22 23794009
23 23651587
24 25654167
25 23907553
26 23618688
27 24825434
28 23868854
29 23991529
30 25375482
31 23690599
32 23911730
33 24792291
34 23410227
35 23754441
36 25268088
37 23992686
38 23698288
39 24733066
40 23651679
41 23883213
42 25348544
43 23787745
44 23803187
45 24369856
46 23722096
47 23966870
48 25364218
49 23601322
50 23766583
51 24634483
52 23554678
53 23578296
54 25396866
55 23608140
56 24079110
57 24624062
58 23761284
59 23974286
60 25566454
61 23574679
62 23691272
63 24509620
64 23680423
65 23699193
66 25248558
67 23723774
68 23722352
69 24394188
70 23632280
71 23575733
72 25534177
73 23806181
74 23794490
75 24671768
76 23681522
77 23884122
78 24806350
79 23884909
80 23444449
81 24216700
82 23669116
83 23643604
84 25418817
85 23913456
86 23698815
87 24574929
88 23794564
89 23698463
90 25514909
91 23794592
92 23722887
93 24341574
94 23806869
95 23846296
96 25116900
97 23727582
98 23662842
99 24696480
100 23785479
101 23810872
102 25518802
103 23625703
104 23192899
105 24620637
106 23568795
107 23539385
108 25425672
109 23771106
110 23791243
111 24599127
112 23767108
113 23859524
114 25343305
115 23667596
116 23754828
117 24573766
118 23638290
119 23634047
120 25589728
121 23704854
122 23524033
123 24645292
124 23637902
125 23616501
126 25399108
127 23568653
128 20038341
