0 362353
1 315040
2 326916
3 1182039
4 1054264
5 1105177
6 2389937
7 2360793
8 2349526
9 2490538
10 2528366
11 2301274
12 2699506
13 2355652
14 2279518
15 2521948
16 2226358
17 2432858
18 2516259
19 2474767
20 2432556
21 2462350
22 2320174
23 2305697
24 2447364
25 2355028
26 2393678
27 2331655
28 2361848
29 2444204
30 2609341
31 2485654
32 2413006
33 2477527
34 2388077
35 2367158
36 2664739
37 2415638
38 2397936
39 2578438
40 2344091
41 2358625
42 2444155
43 2369119
44 2395847
45 2450176
46 2335525
47 2433952
48 2600916
49 2327201
50 2398754
51 2368818
52 2402795
53 2426740
54 2589723
55 2347298
56 2258942
57 2502326
58 2419357
59 2500135
60 2565680
61 2367989
62 2175954
63 2458833
64 2372578
65 2444032
66 2519986
67 2501625
68 2460316
69 2479060
70 2324889
71 2293980
72 2428567
73 2417862
74 2341713
75 2384405
76 2331074
77 2455840
78 2503784
79 2389319
80 2402600
81 2419986
82 2351440
83 2412451
84 2566802
85 2346209
86 2423182
87 2516828
88 2294998
89 2327040
90 2726224
91 2447965
92 2297182
93 2430443
94 2378886
95 2411400
96 2571960
97 2401944
98 2451139
99 2548578
100 2231795
101 2416086
102 2446203
103 2379799
104 2426093
105 2407859
106 2358596
107 2302785
108 2510137
109 2356238
110 2498238
111 2471642
112 2318020
113 2415431
114 2565515
115 2316000
116 2334487
117 2422384
118 2304056
119 2309543
120 2531824
121 2356254
122 2397529
123 2517176
124 2349452
125 2539248
126 2508401
127 2335445
128 2102428
