0 372769
1 309839
2 336227
3 1218717
4 1068618
5 1154344
6 2378099
7 2410027
8 2463173
9 2569529
10 2410331
11 2322246
12 2581217
13 2336169
14 2341091
15 2502728
16 2387809
17 2388921
18 2431262
19 2391758
20 2478854
21 2419638
22 2377824
23 2364423
24 2567222
25 2311228
26 2320548
27 2544067
28 2460969
29 2418739
30 2623073
31 2340435
32 2423117
33 2530076
34 2360482
35 2287923
36 2555004
37 2483545
38 2272600
39 2434462
40 2332652
41 2415079
42 2516057
43 2353360
44 2387557
45 2336836
46 2429670
47 2400470
48 2636552
49 2424409
50 2410214
51 2554013
52 2397124
53 2317382
54 2462618
55 2324553
56 2508890
57 2581126
58 2283695
59 2251531
60 2461171
61 2441673
62 2453777
63 2551600
64 2357724
65 2198916
66 2422110
67 2275409
68 2445821
69 2542689
70 2225404
71 2307004
72 2503200
73 2500777
74 2277527
75 2608762
76 2361927
77 2344701
78 2341040
79 2315088
80 2288172
81 2372315
82 2403160
83 2398059
84 2562021
85 2392991
86 2463124
87 2392081
88 2416160
89 2257609
90 2542391
91 2284983
92 2492130
93 2527767
94 2405674
95 2308490
96 2469856
97 2391115
98 2207165
99 2540037
100 2415218
101 2312416
102 2570763
103 2345581
104 2428110
105 2541364
106 2358538
107 2477894
108 2469099
109 2359964
110 2353383
111 2554931
112 2407940
113 2329683
114 2530129
115 2573544
116 2376302
117 2388613
118 2357446
119 2342146
120 2489054
121 2332623
122 2211727
123 2454871
124 2352401
125 2308002
126 2568316
127 2325808
128 1910180
