0 370679
1 310188
2 313890
3 1047759
4 1136272
5 1112886
6 2580067
7 2398833
8 2414922
9 2473348
10 2494775
11 2439737
12 2591248
13 2408718
14 2299786
15 2472264
16 2309341
17 2451941
18 2432655
19 2462256
20 2426730
21 2501409
22 2333665
23 2300689
24 2602460
25 2505531
26 2322424
27 2362923
28 2438154
29 2360057
30 2599947
31 2334795
32 2383090
33 2444292
34 2236655
35 2355099
36 2309356
37 2485223
38 2304542
39 2399256
40 2383587
41 2404685
42 2460922
43 2278262
44 2427131
45 2345743
46 2447055
47 2384972
48 2541269
49 2392714
50 2379379
51 2532812
52 2365155
53 2335848
54 2626229
55 2352097
56 2507901
57 2427435
58 2346679
59 2379751
60 2446000
61 2441980
62 2185996
63 2380424
64 2398796
65 2425738
66 2609275
67 2465486
68 2278668
69 2382482
70 2454781
71 2416338
72 2506965
73 2391669
74 2325945
75 2456003
76 2414225
77 2396543
78 2563615
79 2331150
80 2305048
81 2439882
82 2390636
83 2419813
84 2615787
85 2313549
86 2512999
87 2463775
88 2416255
89 2437805
90 2631436
91 2398985
92 2388499
93 2289984
94 2219611
95 2337843
96 2558141
97 2246165
98 2377191
99 2336196
100 2342052
101 2337659
102 2562008
103 2399096
104 2312185
105 2492455
106 2292765
107 2455770
108 2536573
109 2370470
110 2394515
111 2561189
112 2389602
113 2435940
114 2582675
115 2203704
116 2317315
117 2498946
118 2328534
119 2447807
120 2503651
121 2426901
122 2309009
123 2360662
124 2298762
125 2388858
126 2533479
127 2278906
128 1983914
