0 333459
1 340007
2 313513
3 1168044
4 1149372
5 1099610
6 2501434
7 2497502
8 2767817
9 2511645
10 2420662
11 2370171
12 2538006
13 2471629
14 2275226
15 2402951
16 2474970
17 2417809
18 2583536
19 2467661
20 2389227
21 2515311
22 2349489
23 2276298
24 2564493
25 2346242
26 2517724
27 2346607
28 2348231
29 2371807
30 2419006
31 2300768
32 2446975
33 2481992
34 2349126
35 2495979
36 2676714
37 2165441
38 2459202
39 2561487
40 2519471
41 2403244
42 2656705
43 2438759
44 2314001
45 2437652
46 2434513
47 2299005
48 2569202
49 2347816
50 2373388
51 2518178
52 2278961
53 2392713
54 2454844
55 2466472
56 2266207
57 2374938
58 2231309
59 2489744
60 2472240
61 2334026
62 2494437
63 2428934
64 2394060
65 2193355
66 2534718
67 2322213
68 2486486
69 2320921
70 2323346
71 2498834
72 2636323
73 2104964
74 2328684
75 2351686
76 2465556
77 2303605
78 2606907
79 2337422
80 2396925
81 2661971
82 2496475
83 2407001
84 2546581
85 2498623
86 2387149
87 2467157
88 2400469
89 2448064
90 2522314
91 2380801
92 2351850
93 2404590
94 2408229
95 2600538
96 2573122
97 2573505
98 2530112
99 2379200
100 2227909
101 2474271
102 2538029
103 2317199
104 2192554
105 2436367
106 2273182
107 2304270
108 2505851
109 2398897
110 2334583
111 2442388
112 2493903
113 2396421
114 2563305
115 2377395
116 2292737
117 2484232
118 2372738
119 2455719
120 2612509
121 2497097
122 2340023
123 2484677
124 2385293
125 2266464
126 2461610
127 2410953
128 1922019
