0 402092
1 367399
2 330054
3 1255224
4 1114118
5 1093179
6 2558236
7 2493708
8 2283903
9 2540905
10 2358259
11 2503758
12 2658879
13 2208169
14 2440891
15 2346768
16 2382597
17 2426720
18 2485151
19 2428953
20 2386757
21 2401270
22 2414446
23 2536236
24 2586570
25 2383052
26 2300099
27 2644301
28 2453454
29 2450713
30 2525178
31 2342759
32 2376917
33 2401401
34 2280688
35 2382036
36 2447131
37 2378928
38 2413439
39 2435967
40 2352352
41 2466314
42 2819215
43 2512398
44 2274073
45 2508271
46 2407521
47 2516953
48 2552680
49 2317956
50 2382911
51 2627015
52 2284668
53 2432538
54 2580627
55 2293516
56 2419631
57 2492932
58 2538995
59 2396194
60 2682866
61 2318250
62 2538422
63 2410551
64 2301273
65 2346667
66 2483354
67 2413987
68 2290756
69 2488776
70 2446894
71 2374820
72 2529704
73 2375001
74 2368063
75 2561869
76 2370530
77 2457416
78 2319594
79 2300374
80 2226187
81 2366710
82 2377391
83 2252057
84 2463301
85 2395062
86 2387622
87 2487911
88 2382096
89 2379979
90 2516533
91 2410697
92 2478359
93 2288170
94 2324275
95 2396223
96 2461224
97 2395622
98 2404493
99 2524539
100 2531643
101 2351966
102 2565618
103 2290465
104 2403985
105 2456751
106 2444320
107 2299311
108 2590451
109 2399540
110 2416099
111 2469875
112 2405436
113 2446094
114 2392588
115 2411974
116 2507839
117 2568823
118 2232994
119 2356493
120 2594609
121 2231087
122 2361346
123 2577378
124 2407717
125 2304226
126 2637284
127 2276542
128 2011584
