0 377425
1 303457
2 310976
3 1152087
4 1150097
5 1223439
6 2430926
7 2516644
8 2314876
9 2583698
10 2482619
11 2433774
12 2619644
13 2530855
14 2477210
15 2445193
16 2410160
17 2412452
18 2592360
19 2516653
20 2382104
21 2383960
22 2349039
23 2449647
24 2581723
25 2372831
26 2376316
27 2498253
28 2337771
29 2447393
30 2665146
31 2282559
32 2395675
33 2561794
34 2185157
35 2357814
36 2547467
37 2404264
38 2438121
39 2539780
40 2496936
41 2244264
42 2556869
43 2353607
44 2385358
45 2411637
46 2309351
47 2233746
48 2629434
49 2425899
50 2377624
51 2381582
52 2272694
53 2429913
54 2596850
55 2497449
56 2494406
57 2387641
58 2497752
59 2373488
60 2533326
61 2314741
62 2311260
63 2445292
64 2397176
65 2415691
66 2437620
67 2316911
68 2427028
69 2460331
70 2347356
71 2314491
72 2539746
73 2426521
74 2374345
75 2452320
76 2410016
77 2333118
78 2359646
79 2491137
80 2440828
81 2332161
82 2369447
83 2335337
84 2581079
85 2381998
86 2244731
87 2377943
88 2356777
89 2371138
90 2494720
91 2361621
92 2343104
93 2511956
94 2318163
95 2396436
96 2531690
97 2168947
98 2273731
99 2462465
100 2441189
101 2488732
102 2633667
103 2345652
104 2252931
105 2467671
106 2325579
107 2380769
108 2600126
109 2439117
110 2402975
111 2470251
112 2357862
113 2246932
114 2642450
115 2257130
116 2443262
117 2515508
118 2389667
119 2367258
120 2587346
121 2286961
122 2506776
123 2615094
124 2364002
125 2243929
126 2360592
127 2426006
128 1935026
