0 376963
1 323757
2 337169
3 1159713
4 1123219
5 1047642
6 2525915
7 2489676
8 2208007
9 2479066
10 2355144
11 2324385
12 2624231
13 2331722
14 2400205
15 2419086
16 2505065
17 2412277
18 2467555
19 2484859
20 2297000
21 2504052
22 2290787
23 2477514
24 2588894
25 2333060
26 2404762
27 2603868
28 2424237
29 2339309
30 2482808
31 2464172
32 2453539
33 2404559
34 2333264
35 2354728
36 2500944
37 2276887
38 2378353
39 2445976
40 2332926
41 2334030
42 2440080
43 2394629
44 2353842
45 2492271
46 2423526
47 2436434
48 2581427
49 2248236
50 2441706
51 2370985
52 2451728
53 2262598
54 2608238
55 2310431
56 2399731
57 2530531
58 2371167
59 2470178
60 2672867
61 2214966
62 2433636
63 2402837
64 2347771
65 2466231
66 2550572
67 2278476
68 2319719
69 2572423
70 2469420
71 2259538
72 2620258
73 2310454
74 2482857
75 2559235
76 2311024
77 2294650
78 2616685
79 2278050
80 2355238
81 2508488
82 2419205
83 2277178
84 2475931
85 2544619
86 2218994
87 2463148
88 2385077
89 2357327
90 2567409
91 2443161
92 2395253
93 2320445
94 2472952
95 2356255
96 2491679
97 2328586
98 2367276
99 2482912
100 2407032
101 2349235
102 2551777
103 2230632
104 2279520
105 2411360
106 2380474
107 2318930
108 2481897
109 2456528
110 2325165
111 2360123
112 2404120
113 2430507
114 2626019
115 2408843
116 2393608
117 2373939
118 2516114
119 2325321
120 2715908
121 2433542
122 2369551
123 2540475
124 2473732
125 2530289
126 2588507
127 2296125
128 2060691
