0 4189497
1 3476819
2 3429042
3 13209714
4 12385926
5 12335456
6 14118190
7 13506263
8 13738258
9 14108097
10 13696838
11 13578431
12 14239318
13 13265856
14 13387598
15 14127889
16 13279026
17 13353588
18 13948927
19 13369923
20 13213543
21 14047908
22 13381257
23 13332139
24 13898577
25 13271033
26 13238779
27 13805902
28 13149723
29 13312439
30 13940820
31 13381179
32 13392317
33 13802047
34 13353212
35 13273787
36 13798918
37 13243168
38 13213976
39 13947422
40 13262801
41 13431784
42 13889054
43 13405596
44 13200963
45 13947458
46 13071924
47 13301254
48 13969964
49 13201061
50 13325874
51 14027163
52 13331814
53 13312648
54 13768359
55 13485052
56 13149200
57 14104937
58 13046071
59 13183591
60 13792924
61 13107583
62 13275099
63 13934437
64 13268071
65 10693632
