0 396853
1 278436
2 298740
3 1199486
4 1121723
5 1106043
6 1338394
7 1284907
8 1268809
9 1177093
10 1222042
11 1120814
12 1274996
13 1190042
14 1166590
15 1242288
16 1231755
17 1170610
18 1178938
19 1152855
20 1187185
21 1301162
22 1092977
23 1286722
24 1292674
25 1189100
26 1247550
27 1172342
28 1147529
29 1255390
30 1256431
31 1213244
32 1146475
33 1202927
34 1161120
35 1246905
36 1265881
37 1126715
38 1188001
39 1274900
40 1219252
41 1209545
42 1366898
43 1182404
44 1221725
45 1204556
46 1107231
47 1187566
48 1306143
49 1279248
50 1198569
51 1290755
52 1233247
53 1181393
54 1229553
55 1184034
56 1133374
57 1150783
58 1125194
59 1187243
60 1254659
61 1182881
62 1176617
63 1200272
64 1145010
65 935796
