0 377101
1 312371
2 328097
3 1090719
4 1089628
5 1173998
6 1363567
7 1238477
8 1274141
9 1329089
10 1245117
11 1212504
12 1332028
13 1192483
14 1271064
15 1341342
16 1220337
17 1235646
18 1280257
19 1155121
20 1168698
21 1235233
22 1216482
23 1126998
24 1265040
25 1256095
26 1197601
27 1248279
28 1152718
29 1238185
30 1339419
31 1226007
32 1186836
33 1209948
34 1228684
35 1306005
36 1232679
37 1211056
38 1153718
39 1213842
40 1118207
41 1252998
42 1236606
43 1304538
44 1184172
45 1284386
46 1162516
47 1211261
48 1287423
49 1123557
50 1252930
51 1331343
52 1203214
53 1022794
54 1243125
55 1182604
56 1118391
57 1278022
58 1150632
59 1191273
60 1282374
61 1185693
62 1234030
63 1232441
64 1176727
65 945997
