0 366635
1 310731
2 354068
3 1221005
4 1113395
5 1134436
6 1240079
7 1150060
8 1175370
9 1205450
10 1167239
11 1261699
12 1297407
13 1257809
14 1203409
15 1235504
16 1307286
17 1222163
18 1312164
19 1135927
20 1209011
21 1284612
22 1204747
23 1242826
24 1299788
25 1243508
26 1171477
27 1258721
28 1156883
29 1202697
30 1233614
31 1154303
32 1247635
33 1239078
34 1260528
35 1152730
36 1273308
37 1145249
38 1168179
39 1190998
40 1186696
41 1205943
42 1270670
43 1216880
44 1260344
45 1257641
46 1100264
47 1141946
48 1245762
49 1140836
50 1213151
51 1300374
52 1204815
53 1192970
54 1216904
55 1236891
56 1202721
57 1262435
58 1089476
59 1211577
60 1249839
61 1142309
62 1253977
63 1282194
64 1184974
65 982719
