0 336114
1 305060
2 274331
3 1192090
4 1126623
5 1120659
6 1241259
7 1253195
8 1170698
9 1140684
10 1250373
11 1158535
12 1302885
13 1199414
14 1201620
15 1212298
16 1109382
17 1257343
18 1271766
19 1215481
20 1229096
21 1251356
22 1179101
23 1210636
24 1269785
25 1224136
26 1162823
27 1277083
28 1204740
29 1184289
30 1287763
31 1231934
32 1264249
33 1355101
34 1209821
35 1172635
36 1261147
37 1187373
38 1197652
39 1262531
40 1207085
41 1230928
42 1198516
43 1196700
44 1224030
45 1267438
46 1212215
47 1159353
48 1297950
49 1228724
50 1182355
51 1266826
52 1179115
53 1194269
54 1226592
55 1194096
56 1144976
57 1369942
58 1226787
59 1208600
60 1236585
61 1237882
62 1184444
63 1288704
64 1233207
65 891612
