0 365861
1 316316
2 286686
3 1144446
4 1106815
5 1174928
6 1229509
7 1233623
8 1228044
9 1253396
10 1204293
11 1200666
12 1291998
13 1087429
14 1188650
15 1238265
16 1156660
17 1193382
18 1209470
19 1259289
20 1227194
21 1220589
22 1264245
23 1145703
24 1230053
25 1229917
26 1207783
27 1269721
28 1135328
29 1100681
30 1215192
31 1235546
32 1163619
33 1246383
34 1157616
35 1150505
36 1313451
37 1197736
38 1192419
39 1276937
40 1187114
41 1187082
42 1270499
43 1231762
44 1199231
45 1276847
46 1239670
47 1214949
48 1239756
49 1169346
50 1148521
51 1235755
52 1170082
53 1222668
54 1273680
55 1192063
56 1196288
57 1358861
58 1223865
59 1270588
60 1203105
61 1145200
62 1239901
63 1333759
64 1186052
65 1002826
