0 371131
1 336579
2 302084
3 1192385
4 1097281
5 1079052
6 1285069
7 1204367
8 1230506
9 1229277
10 1293763
11 1279524
12 1243546
13 1271757
14 1153699
15 1262704
16 1137416
17 1121286
18 1273194
19 1155047
20 1190947
21 1207677
22 1238906
23 1175874
24 1244341
25 1176063
26 1124168
27 1289380
28 1175684
29 1183650
30 1319389
31 1239571
32 1182054
33 1242424
34 1254979
35 1130225
36 1176421
37 1221011
38 1344326
39 1323751
40 1188732
41 1219979
42 1275164
43 1140598
44 1117565
45 1169716
46 1184505
47 1223059
48 1266219
49 1278803
50 1092260
51 1231986
52 1200561
53 1255262
54 1225142
55 1235967
56 1199284
57 1244195
58 1216212
59 1152593
60 1198437
61 1177413
62 1242065
63 1278606
64 1248890
65 921094
