0 3770547
1 3129137
2 3086138
3 11888743
4 11147333
5 11101910
6 12706371
7 12155637
8 12364432
9 12697287
10 12327154
11 12220588
12 12815386
13 11939270
14 12048838
15 12715100
16 11951123
17 12018229
18 12554034
19 12032931
20 11892189
21 12643117
22 12043131
23 11998925
24 12508719
25 11943930
26 11914901
27 12425312
28 11834751
29 11981195
30 12546738
31 12043061
32 12053085
33 12421842
34 12017891
35 11946408
36 12419026
37 11918851
38 11892578
39 12552680
40 11936521
41 12088606
42 12500149
43 12065036
44 11880867
45 12552712
46 11764732
47 11971129
48 12572968
49 11880955
50 11993287
51 12624447
52 11998633
53 11981383
54 12391523
55 12136547
56 11834280
57 12694443
58 11741464
59 11865232
60 12413632
61 11796825
62 11947589
63 12540993
64 11941264
65 9624269
