0 375853
1 324001
2 306850
3 1164139
4 1118428
5 1126876
6 1220726
7 1142088
8 1260253
9 1339547
10 1191931
11 1280329
12 1250325
13 1164976
14 1285687
15 1278204
16 1244056
17 1162750
18 1308384
19 1245326
20 1132894
21 1289572
22 1135428
23 1146744
24 1231306
25 1138438
26 1171919
27 1244606
28 1170566
29 1197626
30 1221916
31 1208928
32 1199289
33 1242589
34 1275654
35 1184304
36 1227713
37 1229197
38 1218846
39 1282186
40 1302896
41 1152732
42 1111901
43 1153006
44 1225554
45 1268394
46 1189741
47 1225929
48 1260189
49 1157293
50 1212701
51 1212376
52 1174980
53 1201873
54 1251066
55 1252675
56 1245551
57 1312418
58 1160290
59 1234238
60 1221166
61 1154190
62 1128593
63 1185903
64 1183344
65 938088
