0 389156
1 316854
2 321830
3 1287621
4 1111241
5 1036213
6 1234933
7 1198105
8 1254262
9 1417948
10 1178115
11 1284283
12 1293747
13 1202661
14 1146943
15 1349711
16 1224038
17 1223744
18 1267217
19 1181721
20 1176219
21 1295630
22 1205540
23 1171486
24 1250889
25 1181729
26 1148987
27 1202556
28 1201078
29 1167404
30 1259674
31 1191347
32 1297360
33 1293274
34 1152670
35 1159396
36 1226432
37 1170841
38 1173853
39 1289170
40 1157317
41 1253898
42 1176605
43 1178824
44 1116533
45 1343357
46 1198501
47 1162533
48 1166182
49 1079072
50 1246930
51 1211277
52 1182148
53 1227419
54 1274210
55 1196061
56 1227094
57 1271198
58 1225350
59 1120468
60 1285436
61 1218391
62 1176339
63 1199345
64 1166593
65 998436
