0 378941
1 331004
2 312729
3 1207452
4 1149981
5 1051009
6 1264746
7 1300806
8 1222874
9 1347196
10 1299375
11 1143441
12 1281720
13 1192706
14 1290524
15 1254344
16 1148629
17 1213406
18 1262682
19 1221832
20 1132741
21 1264580
22 1290211
23 1240835
24 1234678
25 1148034
26 1264298
27 1196304
28 1265867
29 1221003
30 1236770
31 1153994
32 1144509
33 1234479
34 1169111
35 1176642
36 1240991
37 1209173
38 1167458
39 1243321
40 1197657
41 1224385
42 1327818
43 1226298
44 1158773
45 1191283
46 1221151
47 1299930
48 1285584
49 1215814
50 1167693
51 1291012
52 1191881
53 1276728
54 1243636
55 1239212
56 1193725
57 1219582
58 1234094
59 1143918
60 1237472
61 1167847
62 1152625
63 1284962
64 1205999
65 1008143
