0 412902
1 297785
2 300723
3 1189400
4 1112218
5 1098696
6 1288089
7 1150009
8 1279475
9 1257607
10 1274906
11 1278793
12 1246734
13 1179993
14 1140652
15 1300440
16 1171564
17 1217899
18 1189962
19 1310332
20 1238204
21 1292706
22 1215494
23 1251101
24 1190165
25 1156910
26 1218295
27 1266320
28 1224358
29 1230270
30 1176570
31 1188187
32 1221059
33 1155639
34 1147708
35 1267061
36 1201003
37 1220500
38 1088126
39 1195044
40 1171565
41 1151116
42 1265472
43 1234026
44 1172940
45 1289094
46 1148938
47 1144603
48 1217760
49 1208262
50 1278177
51 1252743
52 1258590
53 1206007
54 1207615
55 1222944
56 1172876
57 1227007
58 1089564
59 1144734
60 1244559
61 1185019
62 1158998
63 1254807
64 1210468
65 999558
