0 57400
1 53022
2 49848
3 172571
4 174055
5 157712
6 357572
7 316862
8 326908
9 536837
10 488593
11 517513
12 834222
13 809699
14 811846
15 1213893
16 1174079
17 1109379
18 1213668
19 1093159
20 1131406
21 1187779
22 1027659
23 1146515
24 1140042
25 1079072
26 1091726
27 1223133
28 1098858
29 1109973
30 1129635
31 1143814
32 1117189
33 1121617
34 1067571
35 1154712
36 1174232
37 1094888
38 1080476
39 1193466
40 1130180
41 1104505
42 1168503
43 1144328
44 1111617
45 1235006
46 1113560
47 1058440
48 1162817
49 1111740
50 1112045
51 1184100
52 1094658
53 1084896
54 1187448
55 1119990
56 1121768
57 1191538
58 1066353
59 1077549
60 1097034
61 1198475
62 1073100
63 1177779
64 1133619
65 1112281
66 1145492
67 1090648
68 1105817
69 1139259
70 1131364
71 1069401
72 1085174
73 1050995
74 1077947
75 1191757
76 1109479
77 1080324
78 1181385
79 1107357
80 1081857
81 1211522
82 1080192
83 1091768
84 1184896
85 1103043
86 1106551
87 1159875
88 1069655
89 1118012
90 1173469
91 1087722
92 1139621
93 1204941
94 1124366
95 1084309
96 1169788
97 1088303
98 1119065
99 1176154
100 1118726
101 1065023
102 1126126
103 1105319
104 1037504
105 1182739
106 1096631
107 1156579
108 1159681
109 1054109
110 1158486
111 1181033
112 1075346
113 1120207
114 1182457
115 1103411
116 1094313
117 1201095
118 1104708
119 871291
