0 59909
1 53285
2 47427
3 167609
4 171558
5 156868
6 347229
7 319745
8 338216
9 570097
10 500818
11 515988
12 838012
13 782152
14 812838
15 1198113
16 1165582
17 1115849
18 1212279
19 1088924
20 1132125
21 1188812
22 1038095
23 1161519
24 1151005
25 1078718
26 1096163
27 1219738
28 1104855
29 1111592
30 1136027
31 1123631
32 1129760
33 1110160
34 1060507
35 1167031
36 1181997
37 1088418
38 1081317
39 1199156
40 1127618
41 1114852
42 1172625
43 1130210
44 1119263
45 1230732
46 1104201
47 1042812
48 1156083
49 1113293
50 1113878
51 1177771
52 1088449
53 1064131
54 1171519
55 1114014
56 1121963
57 1176067
58 1056376
59 1089620
60 1121950
61 1193599
62 1070545
63 1176164
64 1133092
65 1116444
66 1159820
67 1095407
68 1107425
69 1139901
70 1136040
71 1063176
72 1095997
73 1062941
74 1073619
75 1202550
76 1108600
77 1093030
78 1187720
79 1098663
80 1103480
81 1194356
82 1077785
83 1102536
84 1173763
85 1110695
86 1133961
87 1162854
88 1065769
89 1119139
90 1170513
91 1088644
92 1119654
93 1196968
94 1131851
95 1088723
96 1160658
97 1094635
98 1129647
99 1177399
100 1124174
101 1071816
102 1125034
103 1104177
104 1041679
105 1179887
106 1104445
107 1149897
108 1184391
109 1059237
110 1159608
111 1172126
112 1061848
113 1126017
114 1185035
115 1085773
116 1086551
117 1184053
118 1098890
119 872794
