0 117309
1 106307
2 97275
3 340180
4 345613
5 314580
6 704801
7 636607
8 665124
9 1106934
10 989411
11 1033501
12 1672234
13 1591851
14 1624684
15 2412006
16 2339661
17 2225228
18 2425947
19 2182083
20 2263531
21 2376591
22 2065754
23 2308034
24 2291047
25 2157790
26 2187889
27 2442871
28 2203713
29 2221565
30 2265662
31 2267445
32 2246949
33 2231777
34 2128078
35 2321743
36 2356229
37 2183306
38 2161793
39 2392622
40 2257798
41 2219357
42 2341128
43 2274538
44 2230880
45 2465738
46 2217761
47 2101252
48 2318900
49 2225033
50 2225923
51 2361871
52 2183107
53 2149027
54 2358967
55 2234004
56 2243731
57 2367605
58 2122729
59 2167169
60 2218984
61 2392074
62 2143645
63 2353943
64 2266711
65 2228725
66 2305312
67 2186055
68 2213242
69 2279160
70 2267404
71 2132577
72 2181171
73 2113936
74 2151566
75 2394307
76 2218079
77 2173354
78 2369105
79 2206020
80 2185337
81 2405878
82 2157977
83 2194304
84 2358659
85 2213738
86 2240512
87 2322729
88 2135424
89 2237151
90 2343982
91 2176366
92 2259275
93 2401909
94 2256217
95 2173032
96 2330446
97 2182938
98 2248712
99 2353553
100 2242900
101 2136839
102 2251160
103 2209496
104 2079183
105 2362626
106 2201076
107 2306476
108 2344072
109 2113346
110 2318094
111 2353159
112 2137194
113 2246224
114 2367492
115 2189184
116 2180864
117 2385148
118 2203598
119 1744085
