0 1745423
1 1397456
2 1418406
3 1350874
4 1356840
5 1331296
6 1444827
7 1357908
8 1324296
9 1367889
10 1324754
11 1335648
12 1434404
13 1330274
14 1346211
15 1317640
16 1355693
17 1288468
18 1461597
19 1326686
20 1324228
21 1330298
22 1380751
23 1353098
24 1432507
25 1306867
26 1340317
27 1315319
28 1331122
29 1334843
30 1458969
31 1307267
32 1333446
33 1348701
34 1346787
35 1341364
36 1433408
37 1350110
38 1347786
39 1367443
40 1331474
41 1378479
42 1412804
43 1322129
44 1355477
45 1326060
46 1357143
47 1327270
48 1497406
49 1329374
50 1362974
51 1333588
52 1318732
53 1345257
54 1414743
55 1306993
56 1319226
57 1356619
58 1347936
59 1074054
