0 146027
1 123773
2 133371
3 120860
4 116189
5 114127
6 126333
7 138637
8 112519
9 121597
10 113886
11 127109
12 126308
13 118059
14 109745
15 118667
16 134194
17 122297
18 126788
19 119613
20 106075
21 104216
22 127743
23 120650
24 126057
25 105155
26 118268
27 110525
28 123069
29 137537
30 132161
31 118220
32 119487
33 129142
34 115364
35 122599
36 123736
37 123220
38 114068
39 127440
40 115956
41 123191
42 136177
43 125593
44 121028
45 129116
46 118273
47 113497
48 131449
49 123044
50 115652
51 118408
52 116921
53 115407
54 128894
55 122029
56 117851
57 139983
58 124004
59 82879
