0 165031
1 126448
2 129307
3 117483
4 120113
5 126681
6 127136
7 120113
8 125877
9 133168
10 123137
11 122219
12 143098
13 126850
14 120784
15 123875
16 107821
17 110544
18 117484
19 129054
20 119535
21 124198
22 119565
23 130212
24 120339
25 138507
26 112721
27 119327
28 126227
29 108340
30 132067
31 119052
32 122291
33 121289
34 111636
35 119205
36 129889
37 126632
38 131523
39 129856
40 110770
41 119682
42 122643
43 126167
44 120228
45 130012
46 115357
47 122356
48 117322
49 126976
50 139085
51 118104
52 116465
53 127687
54 136213
55 108554
56 111807
57 118453
58 129427
59 100928
