0 135831
1 128464
2 140843
3 118716
4 135117
5 114471
6 133836
7 124735
8 113746
9 113694
10 115618
11 117355
12 131134
13 103771
14 116578
15 121984
16 127273
17 113639
18 137461
19 112017
20 122160
21 110947
22 124678
23 106005
24 123717
25 118626
26 127291
27 116381
28 123567
29 124255
30 120769
31 122278
32 114250
33 126270
34 124272
35 126329
36 126821
37 121844
38 135357
39 130534
40 115000
41 129144
42 120105
43 136905
44 131200
45 95543
46 110681
47 124054
48 144135
49 107420
50 123520
51 128095
52 118065
53 137112
54 140101
55 127228
56 123157
57 137542
58 123405
59 101971
