0 145277
1 137254
2 132115
3 126494
4 121249
5 124455
6 141004
7 102693
8 127857
9 115699
10 119872
11 136264
12 127841
13 103796
14 129337
15 111565
16 119595
17 107336
18 135293
19 118570
20 119452
21 128581
22 129905
23 120431
24 138726
25 111230
26 126432
27 126406
28 127884
29 104216
30 126312
31 109338
32 123106
33 117123
34 114711
35 130327
36 121346
37 124372
38 118245
39 120201
40 120349
41 118599
42 124884
43 113579
44 115315
45 121178
46 133050
47 120264
48 128690
49 124929
50 131957
51 109704
52 127730
53 121834
54 131168
55 110638
56 110207
57 126667
58 120671
59 99544
