0 145951
1 122417
2 121246
3 129236
4 109541
5 121068
6 136221
7 117342
8 112426
9 114639
10 117379
11 128598
12 121313
13 117023
14 127719
15 102321
16 119572
17 115344
18 119187
19 114464
20 118733
21 111707
22 129319
23 124903
24 133495
25 113591
26 108744
27 125826
28 117606
29 138604
30 136335
31 115069
32 114315
33 124227
34 124819
35 123471
36 118513
37 108733
38 121774
39 114683
40 116986
41 125687
42 130381
43 118139
44 115950
45 126879
46 130333
47 129867
48 130546
49 119383
50 104569
51 133512
52 115431
53 116963
54 115957
55 120267
56 127355
57 119109
58 122897
59 110169
