0 161922
1 110628
2 134689
3 120162
4 146693
5 113872
6 115658
7 126975
8 114663
9 120473
10 123266
11 112535
12 127770
13 138297
14 125711
15 114775
16 127286
17 120949
18 137189
19 121036
20 118467
21 127294
22 120760
23 124957
24 123989
25 136384
26 130811
27 126875
28 126132
29 109824
30 130592
31 123568
32 109964
33 119962
34 132349
35 121645
36 135518
37 118167
38 110879
39 114313
40 125539
41 118127
42 135972
43 116796
44 113793
45 116429
46 129779
47 103932
48 143530
49 114532
50 115545
51 106343
52 109654
53 116299
54 127287
55 110468
56 126638
57 106189
58 117055
59 96960
