0 174841
1 117976
2 114318
3 112351
4 111570
5 123779
6 148473
7 125823
8 119926
9 120487
10 120579
11 117268
12 115725
13 115117
14 120472
15 116711
16 129413
17 110901
18 131668
19 117052
20 117747
21 119718
22 112678
23 113570
24 126307
25 110336
26 114685
27 107518
28 111208
29 124675
30 140371
31 119710
32 122507
33 120673
34 127453
35 130666
36 128391
37 133901
38 117908
39 131299
40 122696
41 121483
42 133062
43 114390
44 134071
45 113862
46 114395
47 123123
48 137614
49 122924
50 117225
51 131467
52 116018
53 111434
54 135386
55 113327
56 118780
57 117464
58 121352
59 99886
