0 1570881
1 1257710
2 1276565
3 1215787
4 1221156
5 1198166
6 1300344
7 1222117
8 1191866
9 1231100
10 1192279
11 1202083
12 1290964
13 1197247
14 1211590
15 1185876
16 1220124
17 1159621
18 1315437
19 1194017
20 1191805
21 1197268
22 1242676
23 1217788
24 1289256
25 1176180
26 1206285
27 1183787
28 1198010
29 1201359
30 1313072
31 1176540
32 1200101
33 1213831
34 1212108
35 1207228
36 1290067
37 1215099
38 1213007
39 1230699
40 1198327
41 1240631
42 1271524
43 1189916
44 1219929
45 1193454
46 1221429
47 1194543
48 1347665
49 1196437
50 1226677
51 1200229
52 1186859
53 1210731
54 1273269
55 1176294
56 1187303
57 1220957
58 1213142
59 966649
