0 156632
1 147734
2 128040
3 117622
4 131599
5 119022
6 128067
7 120148
8 121088
9 120518
10 124104
11 108466
12 159803
13 123582
14 120705
15 123184
16 122282
17 114080
18 131440
19 121242
20 118595
21 121951
22 126053
23 120016
24 137023
25 118149
26 126912
27 132693
28 110408
29 123373
30 123715
31 102924
32 142878
33 125565
34 118354
35 114312
36 137093
37 120890
38 122377
39 123968
40 138352
41 127585
42 112594
43 114766
44 107545
45 115199
46 131771
47 123084
48 126583
49 119727
50 129848
51 116487
52 126097
53 119953
54 117540
55 121509
56 111095
57 127468
58 131980
59 88563
