0 160442
1 114909
2 127637
3 124517
4 120387
5 129666
6 118494
7 118202
8 110278
9 125884
10 114283
11 105711
12 119673
13 125521
14 112352
15 124597
16 104861
17 123303
18 146749
19 113245
20 131201
21 125711
22 127352
23 137499
24 124796
25 114402
26 129313
27 107728
28 117563
29 115954
30 133838
31 138963
32 114383
33 97654
34 126506
35 117365
36 137084
37 127062
38 118491
39 119940
40 114194
41 122666
42 133281
43 115835
44 128511
45 121570
46 129648
47 116831
48 147978
49 113106
50 117648
51 123976
52 130256
53 122815
54 125387
55 141177
56 117769
57 107165
58 106653
59 93739
