0 178927
1 128107
2 114999
3 128346
4 108698
5 111025
6 125122
7 127449
8 133486
9 144941
10 120155
11 126558
12 118299
13 125231
14 128187
15 128197
16 127827
17 121228
18 132178
19 127724
20 119840
21 122945
22 124623
23 119545
24 134807
25 109800
26 111108
27 110508
28 114346
29 114581
30 136912
31 107418
32 116920
33 131926
34 116644
35 101309
36 131676
37 110278
38 122385
39 118465
40 118485
41 134467
42 122425
43 107746
44 132288
45 123666
46 108142
47 117535
48 139818
49 124396
50 131628
51 114133
52 110222
53 121227
54 115336
55 101097
56 122644
57 120917
58 115698
59 92010
