0 119810
1 68991
2 68940
3 68294
4 68120
5 68392
6 70976
7 68606
8 68021
9 68140
10 67961
11 68453
12 71067
13 68990
14 68966
15 68260
16 68482
17 68856
18 71291
19 68787
20 68130
21 68331
22 68228
23 68146
24 71073
25 68336
26 68227
27 68977
28 68314
29 68711
30 72107
31 68240
32 68702
33 69103
34 68540
35 68784
36 72509
37 68623
38 68139
39 68280
40 68776
41 68644
42 71234
43 69650
44 68861
45 68797
46 68049
47 69223
48 71330
49 68659
50 68497
51 67796
52 69577
53 68428
54 71478
55 68866
56 68393
57 68757
58 68458
59 55231
