0 107829
1 62092
2 62046
3 61465
4 61308
5 61553
6 63878
7 61745
8 61219
9 61326
10 61165
11 61608
12 63960
13 62091
14 62069
15 61434
16 61634
17 61970
18 64162
19 61908
20 61317
21 61498
22 61405
23 61331
24 63966
25 61502
26 61404
27 62079
28 61483
29 61840
30 64896
31 61416
32 61832
33 62193
34 61686
35 61906
36 65258
37 61761
38 61325
39 61452
40 61898
41 61780
42 64111
43 62685
44 61975
45 61917
46 61244
47 62301
48 64197
49 61793
50 61647
51 61016
52 62619
53 61585
54 64330
55 61979
56 61554
57 61881
58 61612
59 49708
