0 132865
1 94723
2 107144
3 381379
4 338425
5 309896
6 714876
7 639796
8 616065
9 1134598
10 1045759
11 1054409
12 1697834
13 1646313
14 1643368
15 2307800
16 2271781
17 2231791
18 2333050
19 2237647
20 2185683
21 2360429
22 2095821
23 2119349
24 2289375
25 2272911
26 2099168
27 2429022
28 2264872
29 2177247
30 2258440
31 2219460
32 2265280
33 2274521
34 2357644
35 2263425
36 2313554
37 2206630
38 2312211
39 2323857
40 2271983
41 2250517
42 2259034
43 2209575
44 2238906
45 2415173
46 2207701
47 2347550
48 2343039
49 2188156
50 2164186
51 2306457
52 2185190
53 2263189
54 2406412
55 2143614
56 2229124
57 2168033
58 2285640
59 2251918
60 2298032
61 2070987
62 2191122
63 2360937
64 2036960
65 2276657
66 2329811
67 2241931
68 2149683
69 2354848
70 2293118
71 2260928
72 2410337
73 2224400
74 2269040
75 2290593
76 2171425
77 2168275
78 2387697
79 2145388
80 2208728
81 2398928
82 2137294
83 2148406
84 2326015
85 2287598
86 2234070
87 2421639
88 2367177
89 2242222
90 2504332
91 2171802
92 2210327
93 2392194
94 2294957
95 2242294
96 2375432
97 2223503
98 2158503
99 2264337
100 2168441
101 2198811
102 2329052
103 2317299
104 2230561
105 2485860
106 2201502
107 2272845
108 2220133
109 2283364
110 2117929
111 2288849
112 2217307
113 2137612
114 2388658
115 2135271
116 2183779
117 2254255
118 2198326
119 1817194
