0 66309
1 48698
2 54473
3 191930
4 169818
5 152261
6 338888
7 317435
8 309899
9 582783
10 518436
11 529073
12 842027
13 828791
14 819730
15 1149923
16 1131426
17 1113880
18 1169221
19 1116508
20 1087482
21 1181502
22 1042306
23 1074262
24 1148631
25 1134634
26 1054018
27 1209657
28 1136731
29 1092669
30 1124894
31 1106924
32 1142724
33 1124682
34 1188624
35 1137043
36 1162064
37 1105054
38 1153941
39 1165842
40 1143420
41 1133897
42 1133679
43 1103703
44 1116144
45 1196963
46 1110013
47 1172569
48 1161211
49 1090736
50 1093406
51 1145281
52 1095818
53 1134131
54 1204390
55 1083532
56 1121825
57 1081725
58 1140571
59 1128343
60 1139573
61 1037353
62 1094362
63 1173807
64 1024263
65 1130763
66 1165672
67 1126669
68 1078632
69 1177603
70 1155487
71 1137561
72 1200734
73 1117323
74 1138244
75 1144773
76 1092139
77 1077249
78 1197666
79 1071991
80 1105516
81 1200405
82 1071745
83 1071826
84 1152278
85 1143345
86 1114443
87 1212126
88 1180085
89 1121795
90 1245832
91 1087881
92 1099258
93 1188703
94 1146219
95 1129959
96 1188935
97 1104590
98 1077655
99 1132218
100 1085736
101 1097906
102 1171224
103 1158153
104 1109155
105 1244215
106 1091276
107 1140585
108 1102985
109 1133859
110 1068015
111 1142578
112 1112323
113 1076648
114 1195602
115 1063322
116 1087280
117 1126675
118 1093826
119 919513
