0 66556
1 46025
2 52671
3 189449
4 168607
5 157635
6 375988
7 322361
8 306166
9 551815
10 527323
11 525336
12 855807
13 817522
14 823638
15 1157877
16 1140355
17 1117911
18 1163829
19 1121139
20 1098201
21 1178927
22 1053515
23 1045087
24 1140744
25 1138277
26 1045150
27 1219365
28 1128141
29 1084578
30 1133546
31 1112536
32 1122556
33 1149839
34 1169020
35 1126382
36 1151490
37 1101576
38 1158270
39 1158015
40 1128563
41 1116620
42 1125355
43 1105872
44 1122762
45 1218210
46 1097688
47 1174981
48 1181828
49 1097420
50 1070780
51 1161176
52 1089372
53 1129058
54 1202022
55 1060082
56 1107299
57 1086308
58 1145069
59 1123575
60 1158459
61 1033634
62 1096760
63 1187130
64 1012697
65 1145894
66 1164139
67 1115262
68 1071051
69 1177245
70 1137631
71 1123367
72 1209603
73 1107077
74 1130796
75 1145820
76 1079286
77 1091026
78 1190031
79 1073397
80 1103212
81 1198523
82 1065549
83 1076580
84 1173737
85 1144253
86 1119627
87 1209513
88 1187092
89 1120427
90 1258500
91 1083921
92 1111069
93 1203491
94 1148738
95 1112335
96 1186497
97 1118913
98 1080848
99 1132119
100 1082705
101 1100905
102 1157828
103 1159146
104 1121406
105 1241645
106 1110226
107 1132260
108 1117148
109 1149505
110 1049914
111 1146271
112 1104984
113 1060964
114 1193056
115 1071949
116 1096499
117 1127580
118 1104500
119 897681
