0 74414
1 57247
2 53026
3 192565
4 156044
5 153931
6 360069
7 322531
8 299715
9 617507
10 545778
11 520156
12 875555
13 794580
14 811490
15 782641
16 813217
17 800051
18 823377
19 772686
20 817323
21 844415
22 773949
23 795813
24 844454
25 757586
26 793405
27 853720
28 812642
29 823811
30 830248
31 740511
32 799558
33 788398
34 772554
35 790476
36 904143
37 768290
38 813096
39 805259
40 810529
41 835202
42 795405
43 722657
44 784244
45 868249
46 776222
47 817309
48 791596
49 777969
50 764242
51 824222
52 814495
53 805623
54 794827
55 748358
56 775675
57 739865
58 792918
59 777946
60 826949
61 765425
62 789027
63 809847
64 763138
65 794945
66 817461
67 749647
68 792867
69 783279
70 724794
71 819365
72 844902
73 804646
74 807017
75 792153
76 800096
77 770390
78 829939
79 813162
80 802359
81 842182
82 771452
83 773511
84 818481
85 748559
86 777552
87 795113
88 793505
89 742784
90 790564
91 779617
92 779795
93 826492
94 762035
95 832364
96 868171
97 766782
98 816788
99 753667
100 765075
101 768984
102 828526
103 799747
104 770121
105 802596
106 775668
107 818789
108 805130
109 810282
110 792566
111 800534
112 796187
113 815739
114 804872
115 798502
116 776096
117 830410
118 785575
119 564707
