0 150879
1 114468
2 105988
3 386513
4 312042
5 304842
6 726039
7 649076
8 601333
9 1194254
10 1101738
11 1041973
12 1720985
13 1579605
14 1607119
15 1566931
16 1623067
17 1593447
18 1652569
19 1554338
20 1634844
21 1688334
22 1536493
23 1585393
24 1682013
25 1522313
26 1581806
27 1710183
28 1624864
29 1639910
30 1652101
31 1482876
32 1603152
33 1567344
34 1538486
35 1569092
36 1810624
37 1539150
38 1635884
39 1608704
40 1622283
41 1673144
42 1585676
43 1448925
44 1569997
45 1744211
46 1560356
47 1634242
48 1581742
49 1560995
50 1533168
51 1656276
52 1644179
53 1617217
54 1595460
55 1505863
56 1552565
57 1492526
58 1589205
59 1544074
60 1657555
61 1533415
62 1561349
63 1620507
64 1536104
65 1582653
66 1640399
67 1508956
68 1575481
69 1565582
70 1465600
71 1638949
72 1698440
73 1596518
74 1610359
75 1583939
76 1591527
77 1542909
78 1647167
79 1620548
80 1604493
81 1682145
82 1546649
83 1547842
84 1612479
85 1503177
86 1559770
87 1584160
88 1576766
89 1487676
90 1599215
91 1556763
92 1555620
93 1648536
94 1532545
95 1650320
96 1740579
97 1539398
98 1627786
99 1504698
100 1533302
101 1535918
102 1643841
103 1602640
104 1539556
105 1600626
106 1547290
107 1650356
108 1619533
109 1619043
110 1585636
111 1605985
112 1594341
113 1621729
114 1612805
115 1592315
116 1556420
117 1672378
118 1575571
119 1133978
