0 76465
1 57221
2 52962
3 193948
4 155998
5 150911
6 365970
7 326545
8 301618
9 576747
10 555960
11 521817
12 845430
13 785025
14 795629
15 784290
16 809850
17 793396
18 829192
19 781652
20 817521
21 843919
22 762544
23 789580
24 837559
25 764727
26 788401
27 856463
28 812222
29 816099
30 821853
31 742365
32 803594
33 778946
34 765932
35 778616
36 906481
37 770860
38 822788
39 803445
40 811754
41 837942
42 790271
43 726268
44 785753
45 875962
46 784134
47 816933
48 790146
49 783026
50 768926
51 832054
52 829684
53 811594
54 800633
55 757505
56 776890
57 752661
58 796287
59 766128
60 830606
61 767990
62 772322
63 810660
64 772966
65 787708
66 822938
67 759309
68 782614
69 782303
70 740806
71 819584
72 853538
73 791872
74 803342
75 791786
76 791431
77 772519
78 817228
79 807386
80 802134
81 839963
82 775197
83 774331
84 793998
85 754618
86 782218
87 789047
88 783261
89 744892
90 808651
91 777146
92 775825
93 822044
94 770510
95 817956
96 872408
97 772616
98 810998
99 751031
100 768227
101 766934
102 815315
103 802893
104 769435
105 798030
106 771622
107 831567
108 814403
109 808761
110 793070
111 805451
112 798154
113 805990
114 807933
115 793813
116 780324
117 841968
118 789996
119 569271
