0 3796098
1 3160886
2 3146628
3 11803937
4 11241557
5 11194470
6 25274895
7 24287591
8 24065474
9 33870045
10 20391296
11 24906088
12 33757169
13 41019056
14 48141315
15 56080379
16 60627674
17 66044602
18 72662115
19 77506142
20 79625133
21 81147527
22 81092620
23 79608114
24 79995123
25 77856725
26 76359049
27 76161223
28 75696744
29 75696235
30 77113176
31 76953733
32 77322664
33 78211150
34 78296076
35 78241037
36 79202672
37 78231419
38 78227929
39 78781887
40 77927487
41 77581035
42 77945304
43 77435022
44 77590470
45 78430091
46 78167460
47 78071314
48 78141807
49 78709584
50 78804170
51 78752941
52 78886630
53 79115612
54 79412978
55 78629313
56 78333072
57 79012969
58 78183419
59 78265835
60 78858928
61 78000262
62 78000649
63 78822707
64 77838343
65 78247619
66 78757898
67 78188372
68 78758186
69 78621016
70 78629259
71 78264530
72 79054133
73 78788180
74 78798872
75 78423014
76 78477123
77 78959589
78 79506735
79 78803532
80 78814259
81 78950402
82 78517769
83 78348006
84 78817915
85 78098199
86 78034641
87 79017553
88 78202120
89 77935230
90 78883314
91 78573652
92 78362575
93 78723855
94 78361808
95 78554671
96 79386918
97 78521124
98 78908503
99 79442085
100 79184336
101 79036771
102 79339544
103 78777610
104 78145782
105 78885451
106 78467467
107 78228569
108 78990878
109 78939254
110 78633498
111 78753919
112 78625475
113 78678514
114 79496911
115 78540288
116 78664678
117 78925274
118 78025853
119 77882322
120 78929976
121 78025568
122 78134456
123 78425883
124 77709577
125 77922177
126 78561173
127 78094143
128 77854589
129 78837070
130 77504563
131 62251430
