0 378735
1 353989
2 312411
3 1197645
4 1139878
5 1075959
6 2426935
7 2406199
8 2590745
9 3309437
10 2063693
11 2446449
12 3382855
13 4107474
14 4736421
15 5569835
16 6197765
17 6888865
18 7343648
19 7735305
20 8282484
21 8041138
22 8261614
23 8089605
24 7957214
25 7803714
26 7470427
27 7612159
28 7366156
29 7660180
30 7745330
31 7801473
32 7685646
33 7819930
34 7869604
35 7794274
36 7924840
37 7797173
38 7759271
39 7426753
40 7672571
41 7540294
42 7398788
43 7484386
44 7390026
45 7597455
46 7802108
47 7553675
48 7571626
49 7702824
50 7721383
51 7864113
52 7517008
53 7658179
54 7504952
55 7536227
56 7270937
57 7482568
58 7375331
59 7451726
60 7651986
61 7384841
62 7451857
63 7510677
64 7555139
65 7644586
66 7633306
67 7454024
68 7537171
69 7454659
70 7535939
71 7274575
72 7543113
73 7304117
74 7438363
75 7496542
76 7525802
77 7599227
78 7854502
79 7813385
80 7945568
81 7927201
82 7772508
83 7665620
84 7771134
85 7702980
86 7650048
87 7693910
88 7674663
89 7654645
90 7622372
91 7614536
92 7661374
93 7595143
94 7430017
95 7592610
96 7647008
97 7508127
98 7597525
99 7667959
100 7643761
101 7459001
102 7435875
103 7532101
104 7469304
105 7383121
106 7602855
107 7331538
108 7007364
109 7418703
110 7386922
111 7272298
112 7630155
113 7555285
114 7835327
115 7645382
116 7879946
117 7843881
118 7759946
119 7693239
120 7765000
121 7544547
122 7623018
123 7383823
124 7384331
125 7277157
126 7437535
127 7149135
128 7219859
129 7394536
130 7465667
131 6029331
