0 367176
1 302501
2 307435
3 1190843
4 1069137
5 1224334
6 2311930
7 2520778
8 2355206
9 3486809
10 2096655
11 2386972
12 3265183
13 3791098
14 4285181
15 4992781
16 5071443
17 5505898
18 5884672
19 6083831
20 6235276
21 6298237
22 6113392
23 5939696
24 6111682
25 5897845
26 6028906
27 5884005
28 5939118
29 5979537
30 6324410
31 6094258
32 6755452
33 6808785
34 6974623
35 7144332
36 7193947
37 7273859
38 7458337
39 7455175
40 7353651
41 7573526
42 7499933
43 7196475
44 7566504
45 7496422
46 7220770
47 7303240
48 7549972
49 7643430
50 7451232
51 7519642
52 7419175
53 7461566
54 7474329
55 7508866
56 7534179
57 7597618
58 7436745
59 7305764
60 7252171
61 7446904
62 7195540
63 7375159
64 7348846
65 7446208
66 7354712
67 7264695
68 7573836
69 7528494
70 7144896
71 7385925
72 7505271
73 7352937
74 7273211
75 7330819
76 7328080
77 7346374
78 7287125
79 7304681
80 7217779
81 7226185
82 7265173
83 7398135
84 7381213
85 7443903
86 7299629
87 7399822
88 7114066
89 7371778
90 7275867
91 7336101
92 7146747
93 7540133
94 7514840
95 7329579
96 7373129
97 7160326
98 7463350
99 7452124
100 7382360
101 7347891
102 7353276
103 7215178
104 7178752
105 7348681
106 7213486
107 7244583
108 7352320
109 7432207
110 7321797
111 7445548
112 7389394
113 7445508
114 7464739
115 7369457
116 7254707
117 7302332
118 7069288
119 7260381
120 7206831
121 7368890
122 7017796
123 7227451
124 7026437
125 7139601
126 7143933
127 7182912
128 7017089
129 7103059
130 7189430
131 5856575
