0 384715
1 290003
2 337324
3 1204693
4 1106261
5 1150783
6 2489659
7 2597040
8 2509318
9 3291664
10 1964691
11 2476398
12 3391164
13 3940070
14 4683118
15 5265396
16 5533732
17 6221982
18 6905792
19 7320821
20 7388887
21 7549699
22 7287594
23 7460479
24 7429302
25 7130544
26 6945298
27 7035490
28 6624664
29 6941357
30 7045487
31 6996214
32 6958256
33 7153634
34 7160706
35 7381493
36 7465903
37 7609091
38 7209022
39 7289505
40 7207369
41 7366716
42 7404015
43 7314098
44 7197866
45 7106783
46 7183112
47 7319235
48 7290829
49 7330174
50 7346162
51 7408839
52 7338814
53 7413469
54 7529985
55 7275930
56 7304870
57 7373800
58 7494001
59 7392492
60 7454805
61 7291416
62 7405283
63 7449776
64 7319467
65 7325353
66 7194682
67 7099284
68 7141710
69 7128249
70 7000383
71 7164266
72 7290783
73 6932324
74 7271909
75 7347622
76 7403494
77 7269973
78 7432830
79 7380024
80 7345907
81 7327325
82 7314677
83 7315188
84 7501268
85 7388493
86 7241117
87 7428672
88 7285403
89 7338430
90 7359393
91 7280054
92 7388411
93 7295321
94 7403242
95 7297406
96 7432776
97 7393255
98 7359252
99 7360451
100 7541900
101 7240897
102 7296500
103 7232506
104 7191899
105 7235583
106 7127324
107 7091323
108 7360635
109 7082146
110 7144867
111 7324165
112 7016161
113 7062938
114 7404518
115 7251356
116 7008887
117 7332565
118 7063901
119 7293201
120 7319643
121 7223279
122 7449919
123 7521953
124 7271609
125 7455174
126 7555159
127 7411441
128 7495951
129 7554735
130 7370095
131 5560974
