0 376626
1 315569
2 309165
3 1122263
4 1080014
5 1015601
6 2536319
7 2443783
8 2395645
9 3599955
10 2133162
11 2339154
12 3305619
13 3478666
14 3909505
15 4732297
16 4607011
17 4688477
18 5415005
19 5741959
20 5971315
21 6482871
22 6684972
23 6775622
24 6950779
25 6856842
26 7059933
27 7004687
28 6908835
29 6952372
30 6956253
31 7233688
32 6807326
33 6908593
34 7111509
35 6693818
36 6691941
37 6855463
38 6721332
39 6884485
40 6778187
41 6789500
42 6821840
43 6845129
44 6659743
45 7000732
46 6725877
47 6905145
48 7115179
49 6935617
50 6962720
51 7081373
52 7096572
53 6960864
54 6971635
55 6854836
56 7042826
57 7082614
58 6699194
59 6627584
60 6822199
61 6800667
62 6681766
63 6866033
64 6666927
65 6890046
66 6859316
67 6792268
68 6773166
69 6768511
70 6799655
71 6554008
72 6772996
73 6778142
74 6860569
75 6888599
76 6848264
77 6857814
78 6940017
79 6904581
80 6987900
81 7187146
82 6959551
83 6902259
84 6937557
85 6874953
86 6956360
87 6951707
88 6706891
89 6973694
90 7159517
91 7027805
92 7028071
93 7077347
94 6890320
95 6889977
96 6921023
97 7179533
98 7212932
99 6931155
100 6771381
101 7035677
102 7050593
103 6967065
104 7016668
105 7068127
106 7040227
107 6943694
108 6836271
109 7071741
110 6940132
111 7012775
112 7045724
113 6894409
114 6853770
115 6823154
116 7000091
117 6918679
118 7028192
119 6957665
120 6934842
121 6656373
122 6494917
123 6914065
124 7012219
125 6906067
126 6851654
127 6964029
128 6753153
129 6813810
130 6487752
131 5424146
