0 381410
1 333884
2 312324
3 1185982
4 1103167
5 1147458
6 2605873
7 2387069
8 2348436
9 3199146
10 2111664
11 2710983
12 3313603
13 4248722
14 5150338
15 5834296
16 6600405
17 7135850
18 7687175
19 8413910
20 8275417
21 8160059
22 8847088
23 8290473
24 8511378
25 8153968
26 8003927
27 7871731
28 8110317
29 8171355
30 8335322
31 8308296
32 8208636
33 8501015
34 8391378
35 8274570
36 8490621
37 8248525
38 8490554
39 8380347
40 8362537
41 8204323
42 8357758
43 8046455
44 8019524
45 8185705
46 8264448
47 8176484
48 8377774
49 8213259
50 8293172
51 8353420
52 8347899
53 8109179
54 8199472
55 8241097
56 8373530
57 8365827
58 8195309
59 8438776
60 8275229
61 8301274
62 8311372
63 8444474
64 8324479
65 8460329
66 8140490
67 8439522
68 8364945
69 7941975
70 8443694
71 8419610
72 7902350
73 8442081
74 8460373
75 7657377
76 8245325
77 8338986
78 8345988
79 8107858
80 8123947
81 8329277
82 8164513
83 8352973
84 8110078
85 8126836
86 8318686
87 8300441
88 8408377
89 8150735
90 8295734
91 8132867
92 8097977
93 8424245
94 8435996
95 8518812
96 8656212
97 8427728
98 8395867
99 8734470
100 8681171
101 8809527
102 8974270
103 8444820
104 8583407
105 8567645
106 8344924
107 8425360
108 8475763
109 8547795
110 8584750
111 8439329
112 8419770
113 8416041
114 8456246
115 8342641
116 8408763
117 8419671
118 8388680
119 8458109
120 8372451
121 8383350
122 8503047
123 8409445
124 8246869
125 8482778
126 8453264
127 8435981
128 8289853
129 8334964
130 8121880
131 6601775
