0 369218
1 308360
2 305412
3 1122589
4 1185242
5 1139897
6 2549426
7 2243884
8 2239621
9 3374550
10 1963381
11 2342453
12 3378841
13 4018492
14 4775912
15 5493969
16 6068840
17 6673095
18 7552030
19 8037641
20 8283041
21 8554693
22 8279840
23 8075418
24 8443802
25 7973473
26 7618938
27 7840730
28 8040347
29 7588991
30 7871490
31 7925571
32 8054836
33 8214578
34 8268731
35 8305991
36 8260462
37 8083909
38 8096562
39 8178964
40 7749356
41 7704897
42 7703732
43 7729366
44 7908921
45 8146668
46 8111365
47 8265193
48 7990041
49 8197829
50 8316814
51 8165154
52 8104126
53 8101244
54 8315631
55 8247127
56 8063687
57 8023088
58 8037147
59 8164804
60 8091083
61 8039186
62 8043200
63 8192551
64 8019765
65 7750750
66 7884604
67 8028488
68 8168496
69 8028940
70 7992576
71 8038468
72 8271066
73 8216013
74 8270028
75 8267196
76 8201293
77 8284568
78 8275981
79 8196533
80 8171146
81 8131096
82 8244634
83 8081317
84 7961902
85 7930435
86 7871332
87 8045436
88 8088357
89 8030785
90 7930275
91 8017199
92 8017410
93 7934005
94 7885909
95 8002703
96 8143964
97 7945034
98 7975237
99 7997837
100 8136807
101 8133836
102 8076919
103 7993625
104 7991137
105 7845097
106 7979018
107 7993036
108 8006703
109 7915894
110 8069947
111 8217263
112 7860031
113 8193034
114 8017989
115 8368120
116 8136647
117 8073462
118 8204478
119 7959384
120 8300733
121 8059619
122 8162426
123 8253600
124 8016091
125 7954851
126 8160144
127 8209100
128 8053843
129 8175190
130 7981055
131 6502165
