0 397300
1 322154
2 321705
3 1164758
4 1088730
5 1123127
6 2608327
7 2417379
8 2494409
9 3502816
10 2033542
11 2526786
12 3334918
13 4064810
14 4842888
15 5528422
16 6301559
17 6801760
18 7479569
19 8111790
20 8382962
21 8556160
22 8539379
23 8060526
24 8465890
25 8104473
26 7960208
27 7810412
28 7699062
29 7570339
30 7678243
31 7564506
32 7616852
33 7532394
34 7277837
35 7555764
36 7523460
37 7331530
38 7516226
39 7527939
40 7390078
41 7337011
42 7629464
43 7729498
44 7667904
45 7845639
46 7633415
47 7784692
48 7699087
49 7555594
50 7520277
51 7649428
52 7446330
53 7791821
54 7803380
55 7606733
56 7804852
57 7843470
58 7742217
59 7917203
60 7872549
61 7747827
62 7798883
63 7673881
64 7447560
65 7391575
66 7730614
67 7435873
68 7533943
69 7820908
70 7791519
71 7715340
72 7758066
73 7822081
74 7750003
75 7793205
76 7759417
77 7907345
78 7980721
79 7891201
80 7679917
81 7878177
82 7648314
83 7657413
84 7609605
85 7659781
86 7687822
87 7761523
88 7709763
89 7838164
90 7860563
91 7718129
92 7567028
93 7643847
94 7650106
95 7778042
96 7648770
97 7814814
98 7819332
99 7835145
100 7715375
101 7572170
102 7654916
103 7702222
104 7561687
105 7776186
106 7852396
107 7945894
108 7997912
109 7807225
110 7927930
111 7896098
112 7906937
113 7876094
114 7979836
115 7873695
116 7649681
117 7915634
118 7876877
119 7682922
120 7917910
121 7773100
122 7903938
123 7809605
124 7806654
125 7732869
126 7727599
127 7822821
128 7955296
129 8138213
130 8090817
131 6330443
