0 372467
1 295182
2 341875
3 1204548
4 1141185
5 1090484
6 2605785
7 2490141
8 2442439
9 3435910
10 1946469
11 2586528
12 3368702
13 4190523
14 4865779
15 5608124
16 6165435
17 6690443
18 7193675
19 7836391
20 8197059
21 8228005
22 8166254
23 8062850
24 7758973
25 7684059
26 7617073
27 7501907
28 7595455
29 7465149
30 7461156
31 7369603
32 7623988
33 7627410
34 7610804
35 7493437
36 7705527
37 7610942
38 7579078
39 7789229
40 7847445
41 7708702
42 7774396
43 7725417
44 7684683
45 7768788
46 7907735
47 7554267
48 7701391
49 7654470
50 7513705
51 7856363
52 8014286
53 7868331
54 8092672
55 7884315
56 7719523
57 7690442
58 7631042
59 7633697
60 7921769
61 7543785
62 7636371
63 7597319
64 7759667
65 7756222
66 7880021
67 7964603
68 7933741
69 8033305
70 7838322
71 7862662
72 7998169
73 7851855
74 7631660
75 7748145
76 7493523
77 7311264
78 7475394
79 7521057
80 7631340
81 7520795
82 7383339
83 7505045
84 7612364
85 7545177
86 7751317
87 7762367
88 7697862
89 7290904
90 7654186
91 7465118
92 7526214
93 7523175
94 7488044
95 7479912
96 7492685
97 7493088
98 7470549
99 7455304
100 7516961
101 7635219
102 7544149
103 7675803
104 7600164
105 7686877
106 7543462
107 7575210
108 7815553
109 7914565
110 7766869
111 7874337
112 7993599
113 7842552
114 7764852
115 7581936
116 7827334
117 7753601
118 7691111
119 7632877
120 7589670
121 7615493
122 7688417
123 7577355
124 7523862
125 7612118
126 7771404
127 7756822
128 7616487
129 7890240
130 7634460
131 6295767
