0 365586
1 328048
2 317580
3 1250268
4 1115134
5 1045989
6 2611109
7 2349762
8 2427553
9 3303412
10 2092809
11 2639436
12 3623577
13 4498188
14 5276435
15 6429809
16 6908881
17 7653271
18 8346976
19 8934118
20 8938042
21 9347262
22 9275795
23 9191907
24 9223143
25 9074749
26 8776453
27 8787427
28 8741287
29 8581579
30 8934451
31 8838132
32 8776764
33 8610879
34 8615841
35 8564267
36 8772537
37 8507167
38 8519872
39 8667476
40 8628106
41 8489555
42 8268044
43 8435829
44 8540301
45 8497249
46 8414613
47 8305952
48 8049607
49 8446926
50 8515579
51 8368716
52 8473441
53 8643035
54 8653152
55 8508316
56 8429512
57 8699081
58 8640404
59 8621883
60 8677485
61 8545213
62 8493317
63 8832064
64 8742927
65 8622966
66 8878946
67 8734591
68 8937289
69 8927704
70 8988929
71 8888393
72 8878235
73 9093177
74 8703951
75 8804724
76 8753672
77 8840540
78 8661494
79 8765992
80 8628414
81 8487647
82 8743292
83 8610576
84 8702641
85 8534659
86 8582833
87 8748130
88 8886167
89 8663134
90 8702311
91 8893625
92 8665176
93 8726158
94 8632853
95 8714787
96 8838648
97 8646336
98 8531474
99 8942447
100 8758618
101 8820589
102 8961187
103 8942529
104 8687319
105 8881870
106 8897768
107 8705075
108 9000215
109 8635225
110 8551022
111 8418970
112 8459904
113 8537674
114 8803869
115 8548664
116 8664068
117 8633122
118 8340964
119 8327460
120 8480114
121 8480743
122 8413970
123 8550393
124 8564240
125 8539219
126 8658000
127 8321017
128 8586705
129 8873163
130 8393809
131 6877138
