0 402865
1 311196
2 281397
3 1160348
4 1212809
5 1180838
6 2529532
7 2431556
8 2262102
9 3366346
10 1985230
11 2450929
12 3392707
13 4681013
14 5615738
15 6625450
16 7172603
17 7784961
18 8853573
19 9290376
20 9670650
21 9929403
22 9636692
23 9661538
24 9142960
25 9177058
26 8877886
27 8812675
28 8671503
29 8785376
30 8761034
31 8821992
32 8834908
33 9033932
34 9015043
35 9033091
36 9173434
37 8913760
38 8877675
39 9182014
40 8938187
41 8866511
42 9087334
43 8928369
44 8954998
45 8784650
46 8904017
47 8903431
48 8796301
49 9029461
50 9163126
51 8485893
52 9128979
53 9107924
54 8867770
55 8965866
56 8789156
57 8854461
58 8932029
59 8711906
60 8839652
61 8899149
62 8983060
63 8880773
64 8653566
65 8959584
66 9201207
67 8975024
68 8793889
69 8988271
70 9093346
71 8961283
72 9134084
73 8995453
74 9138805
75 9088785
76 8918253
77 9203498
78 9252683
79 8918220
80 9082341
81 8935553
82 9021768
83 8859480
84 9230153
85 8890982
86 8675497
87 8925545
88 8630571
89 8622961
90 9023096
91 9088218
92 9264167
93 8964481
94 9030481
95 8950843
96 9232703
97 8952883
98 9082985
99 9065193
100 9036002
101 8981964
102 8991859
103 9071761
104 8865445
105 9092264
106 8866007
107 8972856
108 9138142
109 9113753
110 8939262
111 8853136
112 8903800
113 8854979
114 8915765
115 8735883
116 8834554
117 8732327
118 8602416
119 8617084
120 9042782
121 8920174
122 8877008
123 8778193
124 8857265
125 8822343
126 8802481
127 8840885
128 8866353
129 8559160
130 8769598
131 6773116
