0 72769
1 55766
2 51827
3 175159
4 158263
5 157833
6 366070
7 318802
8 295449
9 559124
10 554524
11 519325
12 869506
13 832790
14 803741
15 1158253
16 1119885
17 1073476
18 1166827
19 1132324
20 1164024
21 1107620
22 1100616
23 1148450
24 1207941
25 1126910
26 1059642
27 1162695
28 1092514
29 1088564
30 1238419
31 1151401
32 1061227
33 1186829
34 1119757
35 1162436
36 1208918
37 1112399
38 1090326
39 1155914
40 1131403
41 1127846
42 1155803
43 1092582
44 1082903
45 1124809
46 1113306
47 1128203
48 1172046
49 1105121
50 1068693
51 1186313
52 1116465
53 1080949
54 1184597
55 1053235
56 1055394
57 1206610
58 1083265
59 1033151
60 1169614
61 1065622
62 1112423
63 1167504
64 1124716
65 1108067
66 1110892
67 1133329
68 1134884
69 1159895
70 1144999
71 1135946
72 1143516
73 1125327
74 1117426
75 1157139
76 1187884
77 1072423
78 1171112
79 1080764
80 1099674
81 1100797
82 1145048
83 1122302
84 1178621
85 1124997
86 1104477
87 1171308
88 1099045
89 1143597
90 1197359
91 1082138
92 1079170
93 1157241
94 1050426
95 1133362
96 1145674
97 1098463
98 1152824
99 1163972
100 1097768
101 1097155
102 1215966
103 1094578
104 1067839
105 1160837
106 1148621
107 1099569
108 1170586
109 1073364
110 1115061
111 1210866
112 1170073
113 1119220
114 1237973
115 1139308
116 1068402
117 1139070
118 1092866
119 1066335
120 1130911
121 1170128
122 1108113
123 1174969
124 1104508
125 1076933
126 1090193
127 1117877
128 1131117
129 1173637
130 1115687
131 1043562
132 1162929
133 1100489
134 1037705
135 1098682
136 1099078
137 919242
