0 141672
1 109976
2 103643
3 370628
4 318034
5 317443
6 742676
7 631399
8 601160
9 1132710
10 1106987
11 1044925
12 1714856
13 1667309
14 1608436
15 2338113
16 2238779
17 2171964
18 2334135
19 2277813
20 2316744
21 2225963
22 2204076
23 2301348
24 2427703
25 2258620
26 2122442
27 2334158
28 2205325
29 2161351
30 2475613
31 2287046
32 2132026
33 2370646
34 2237331
35 2325321
36 2427004
37 2215550
38 2181599
39 2318474
40 2251012
41 2254272
42 2300569
43 2200470
44 2163369
45 2253626
46 2227723
47 2254528
48 2339766
49 2220288
50 2137931
51 2364246
52 2223590
53 2176126
54 2348080
55 2119525
56 2098751
57 2409531
58 2162013
59 2063398
60 2355043
61 2130937
62 2231987
63 2336540
64 2248843
65 2211012
66 2221055
67 2275419
68 2259021
69 2295705
70 2310285
71 2251084
72 2293163
73 2257834
74 2216012
75 2324938
76 2351251
77 2140998
78 2343367
79 2172053
80 2205223
81 2200519
82 2273423
83 2244821
84 2373342
85 2251272
86 2184748
87 2352249
88 2182814
89 2271084
90 2406284
91 2161636
92 2163067
93 2315117
94 2097411
95 2263080
96 2291425
97 2204199
98 2299179
99 2325838
100 2196913
101 2189857
102 2438870
103 2178787
104 2166293
105 2323286
106 2295744
107 2195992
108 2351141
109 2141893
110 2231638
111 2417857
112 2319941
113 2241214
114 2483791
115 2283339
116 2123472
117 2289770
118 2190824
119 2110759
120 2263382
121 2350496
122 2217758
123 2358053
124 2217299
125 2159004
126 2171051
127 2231484
128 2251306
129 2333867
130 2228279
131 2082952
132 2320333
133 2188894
134 2070630
135 2196487
136 2184543
137 1831971
