0 68903
1 54210
2 51816
3 195469
4 159771
5 159610
6 376606
7 312597
8 305711
9 573586
10 552463
11 525600
12 845350
13 834519
14 804695
15 1179860
16 1118894
17 1098488
18 1167308
19 1145489
20 1152720
21 1118343
22 1103460
23 1152898
24 1219762
25 1131710
26 1062800
27 1171463
28 1112811
29 1072787
30 1237194
31 1135645
32 1070799
33 1183817
34 1117574
35 1162885
36 1218086
37 1103151
38 1091273
39 1162560
40 1119609
41 1126426
42 1144766
43 1107888
44 1080466
45 1128817
46 1114417
47 1126325
48 1167720
49 1115167
50 1069238
51 1177933
52 1107125
53 1095177
54 1163483
55 1066290
56 1043357
57 1202921
58 1078748
59 1030247
60 1185429
61 1065315
62 1119564
63 1169036
64 1124127
65 1102945
66 1110163
67 1142090
68 1124137
69 1135810
70 1165286
71 1115138
72 1149647
73 1132507
74 1098586
75 1167799
76 1163367
77 1068575
78 1172255
79 1091289
80 1105549
81 1099722
82 1128375
83 1122519
84 1194721
85 1126275
86 1080271
87 1180941
88 1083769
89 1127487
90 1208925
91 1079498
92 1083897
93 1157876
94 1046985
95 1129718
96 1145751
97 1105736
98 1146355
99 1161866
100 1099145
101 1092702
102 1222904
103 1084209
104 1098454
105 1162449
106 1147123
107 1096423
108 1180555
109 1068529
110 1116577
111 1206991
112 1149868
113 1121994
114 1245818
115 1144031
116 1055070
117 1150700
118 1097958
119 1044424
120 1132471
121 1180368
122 1109645
123 1183084
124 1112791
125 1082071
126 1080858
127 1113607
128 1120189
129 1160230
130 1112592
131 1039390
132 1157404
133 1088405
134 1032925
135 1097805
136 1085465
137 912729
